5/578/60/(0, 255, 0)
5/578/60/(0, 255, 0)
5/578/60/(0, 255, 0)
5/578/60/(0, 255, 0)
5/578/60/(0, 255, 0)
5/578/60/(0, 255, 0)
5/578/60/(0, 255, 0)
5/578/60/(0, 255, 0)
5/578/60/(0, 255, 0)
5/578/60/(0, 255, 0)
5/578/60/(0, 255, 0)
5/578/60/(0, 255, 0)
5/578/60/(0, 255, 0)
5/578/60/(0, 255, 0)
5/578/60/(0, 255, 0)
5/578/60/(0, 255, 0)
5/578/60/(0, 255, 0)
5/578/60/(0, 255, 0)
5/578/60/(0, 255, 0)
5/578/60/(0, 255, 0)
5/578/60/(0, 255, 0)
5/578/60/(0, 255, 0)
5/578/60/(0, 255, 0)
5/578/60/(0, 255, 0)
5/578/60/(0, 255, 0)
6/578/60/(0, 255, 0)
6/578/60/(0, 255, 0)
6/578/60/(0, 255, 0)
6/578/60/(0, 255, 0)
6/578/60/(0, 255, 0)
6/578/60/(0, 255, 0)
6/578/60/(0, 255, 0)
6/578/60/(0, 255, 0)
6/578/60/(0, 255, 0)
6/578/60/(0, 255, 0)
6/578/60/(0, 255, 0)
6/578/60/(0, 255, 0)
6/578/60/(0, 255, 0)
6/578/60/(0, 255, 0)
6/578/60/(0, 255, 0)
6/578/60/(0, 255, 0)
6/578/60/(0, 255, 0)
6/578/60/(0, 255, 0)
6/578/60/(0, 255, 0)
6/578/60/(0, 255, 0)
6/578/60/(0, 255, 0)
6/578/60/(0, 255, 0)
6/579/60/(0, 255, 0)
6/579/60/(0, 255, 0)
6/579/60/(0, 255, 0)
6/579/60/(0, 255, 0)
6/579/60/(0, 255, 0)
6/579/60/(0, 255, 0)
6/579/60/(0, 255, 0)
6/579/60/(0, 255, 0)
6/579/60/(0, 255, 0)
6/579/60/(0, 255, 0)
6/579/60/(0, 255, 0)
6/579/60/(0, 255, 0)
6/579/60/(0, 255, 0)
6/579/60/(0, 255, 0)
6/579/60/(0, 255, 0)
6/579/60/(0, 255, 0)
6/579/60/(0, 255, 0)
6/579/60/(0, 255, 0)
6/579/60/(0, 255, 0)
6/579/60/(0, 255, 0)
6/579/60/(0, 255, 0)
6/579/60/(0, 255, 0)
6/579/60/(0, 255, 0)
6/579/60/(0, 255, 0)
6/579/60/(0, 255, 0)
6/579/60/(0, 255, 0)
6/579/60/(0, 255, 0)
6/579/60/(0, 255, 0)
6/579/60/(0, 255, 0)
6/579/60/(0, 255, 0)
6/579/60/(0, 255, 0)
6/579/60/(0, 255, 0)
6/579/60/(0, 255, 0)
6/579/60/(0, 255, 0)
6/579/60/(0, 255, 0)
6/579/60/(0, 255, 0)
6/579/60/(0, 255, 0)
6/579/60/(0, 255, 0)
6/579/60/(0, 255, 0)
6/579/60/(0, 255, 0)
6/579/60/(0, 255, 0)
6/579/60/(0, 255, 0)
6/579/60/(0, 255, 0)
6/579/60/(0, 255, 0)
6/579/60/(0, 255, 0)
6/579/60/(0, 255, 0)
6/579/60/(0, 255, 0)
6/579/60/(0, 255, 0)
6/579/60/(0, 255, 0)
7/579/60/(0, 255, 0)
7/579/60/(0, 255, 0)
7/579/60/(0, 255, 0)
7/579/60/(0, 255, 0)
10/579/60/(0, 255, 0)
10/579/60/(0, 255, 0)
10/579/60/(0, 255, 0)
10/579/60/(0, 255, 0)
10/579/60/(0, 255, 0)
12/579/60/(0, 255, 0)
12/579/60/(0, 255, 0)
12/579/60/(0, 255, 0)
12/579/60/(0, 255, 0)
15/579/60/(0, 255, 0)
15/579/60/(0, 255, 0)
15/579/60/(0, 255, 0)
18/578/60/(0, 255, 0)
18/578/60/(0, 255, 0)
21/578/60/(0, 255, 0)
21/578/60/(0, 255, 0)
21/578/60/(0, 255, 0)
23/578/60/(0, 255, 0)
23/578/60/(0, 255, 0)
23/578/60/(0, 255, 0)
23/578/60/(0, 255, 0)
27/577/60/(0, 255, 0)
27/577/60/(0, 255, 0)
27/577/60/(0, 255, 0)
27/577/60/(0, 255, 0)
30/576/60/(0, 255, 0)
30/576/60/(0, 255, 0)
30/576/60/(0, 255, 0)
30/576/60/(0, 255, 0)
32/575/60/(0, 255, 0)
32/575/60/(0, 255, 0)
32/575/60/(0, 255, 0)
32/575/60/(0, 255, 0)
34/575/60/(0, 255, 0)
34/575/60/(0, 255, 0)
34/575/60/(0, 255, 0)
34/575/60/(0, 255, 0)
38/575/60/(0, 255, 0)
38/575/60/(0, 255, 0)
38/575/60/(0, 255, 0)
38/575/60/(0, 255, 0)
42/574/60/(0, 255, 0)
42/574/60/(0, 255, 0)
42/574/60/(0, 255, 0)
42/574/60/(0, 255, 0)
45/573/60/(0, 255, 0)
45/573/60/(0, 255, 0)
45/573/60/(0, 255, 0)
45/573/60/(0, 255, 0)
47/573/60/(0, 255, 0)
47/573/60/(0, 255, 0)
47/573/60/(0, 255, 0)
47/573/60/(0, 255, 0)
50/571/60/(0, 255, 0)
50/571/60/(0, 255, 0)
50/571/60/(0, 255, 0)
50/571/60/(0, 255, 0)
53/571/60/(0, 255, 0)
53/571/60/(0, 255, 0)
53/571/60/(0, 255, 0)
56/568/60/(0, 255, 0)
56/568/60/(0, 255, 0)
56/568/60/(0, 255, 0)
56/568/60/(0, 255, 0)
58/568/60/(0, 255, 0)
58/568/60/(0, 255, 0)
58/568/60/(0, 255, 0)
58/568/60/(0, 255, 0)
60/566/60/(0, 255, 0)
60/566/60/(0, 255, 0)
60/566/60/(0, 255, 0)
64/564/60/(0, 255, 0)
64/564/60/(0, 255, 0)
64/564/60/(0, 255, 0)
64/564/60/(0, 255, 0)
66/562/60/(0, 255, 0)
66/562/60/(0, 255, 0)
66/562/60/(0, 255, 0)
69/560/60/(0, 255, 0)
69/560/60/(0, 255, 0)
69/560/60/(0, 255, 0)
69/560/60/(0, 255, 0)
74/557/60/(0, 255, 0)
74/557/60/(0, 255, 0)
74/557/60/(0, 255, 0)
80/555/60/(0, 255, 0)
80/555/60/(0, 255, 0)
80/555/60/(0, 255, 0)
83/554/60/(0, 255, 0)
83/554/60/(0, 255, 0)
83/554/60/(0, 255, 0)
87/553/60/(0, 255, 0)
87/553/60/(0, 255, 0)
87/553/60/(0, 255, 0)
87/553/60/(0, 255, 0)
93/552/60/(0, 255, 0)
93/552/60/(0, 255, 0)
93/552/60/(0, 255, 0)
98/550/60/(0, 255, 0)
98/550/60/(0, 255, 0)
98/550/60/(0, 255, 0)
104/548/60/(0, 255, 0)
104/548/60/(0, 255, 0)
104/548/60/(0, 255, 0)
110/547/60/(0, 255, 0)
110/547/60/(0, 255, 0)
110/547/60/(0, 255, 0)
114/546/60/(0, 255, 0)
114/546/60/(0, 255, 0)
114/546/60/(0, 255, 0)
114/546/60/(0, 255, 0)
120/544/60/(0, 255, 0)
120/544/60/(0, 255, 0)
120/544/60/(0, 255, 0)
122/544/60/(0, 255, 0)
122/544/60/(0, 255, 0)
122/544/60/(0, 255, 0)
126/542/60/(0, 255, 0)
126/542/60/(0, 255, 0)
126/542/60/(0, 255, 0)
129/541/60/(0, 255, 0)
129/541/60/(0, 255, 0)
129/541/60/(0, 255, 0)
134/540/60/(0, 255, 0)
134/540/60/(0, 255, 0)
134/540/60/(0, 255, 0)
139/540/60/(0, 255, 0)
139/540/60/(0, 255, 0)
139/540/60/(0, 255, 0)
145/540/60/(0, 255, 0)
145/540/60/(0, 255, 0)
145/540/60/(0, 255, 0)
148/540/60/(0, 255, 0)
148/540/60/(0, 255, 0)
148/540/60/(0, 255, 0)
153/540/60/(0, 255, 0)
153/540/60/(0, 255, 0)
153/540/60/(0, 255, 0)
155/540/60/(0, 255, 0)
155/540/60/(0, 255, 0)
159/540/60/(0, 255, 0)
159/540/60/(0, 255, 0)
159/540/60/(0, 255, 0)
166/540/60/(0, 255, 0)
166/540/60/(0, 255, 0)
166/540/60/(0, 255, 0)
172/540/60/(0, 255, 0)
172/540/60/(0, 255, 0)
172/540/60/(0, 255, 0)
179/540/60/(0, 255, 0)
179/540/60/(0, 255, 0)
187/540/60/(0, 255, 0)
187/540/60/(0, 255, 0)
195/540/60/(0, 255, 0)
195/540/60/(0, 255, 0)
204/540/60/(0, 255, 0)
204/540/60/(0, 255, 0)
204/540/60/(0, 255, 0)
215/541/60/(0, 255, 0)
215/541/60/(0, 255, 0)
225/542/60/(0, 255, 0)
225/542/60/(0, 255, 0)
225/542/60/(0, 255, 0)
235/543/60/(0, 255, 0)
235/543/60/(0, 255, 0)
235/543/60/(0, 255, 0)
246/545/60/(0, 255, 0)
246/545/60/(0, 255, 0)
258/548/60/(0, 255, 0)
258/548/60/(0, 255, 0)
273/551/60/(0, 255, 0)
273/551/60/(0, 255, 0)
273/551/60/(0, 255, 0)
291/553/60/(0, 255, 0)
291/553/60/(0, 255, 0)
307/555/60/(0, 255, 0)
318/558/60/(0, 255, 0)
318/558/60/(0, 255, 0)
330/560/60/(0, 255, 0)
330/560/60/(0, 255, 0)
341/562/60/(0, 255, 0)
341/562/60/(0, 255, 0)
350/564/60/(0, 255, 0)
350/564/60/(0, 255, 0)
358/566/60/(0, 255, 0)
358/566/60/(0, 255, 0)
358/566/60/(0, 255, 0)
367/568/60/(0, 255, 0)
367/568/60/(0, 255, 0)
375/571/60/(0, 255, 0)
375/571/60/(0, 255, 0)
375/571/60/(0, 255, 0)
383/575/60/(0, 255, 0)
383/575/60/(0, 255, 0)
394/579/60/(0, 255, 0)
394/579/60/(0, 255, 0)
394/579/60/(0, 255, 0)
405/583/60/(0, 255, 0)
405/583/60/(0, 255, 0)
416/587/60/(0, 255, 0)
416/587/60/(0, 255, 0)
429/591/60/(0, 255, 0)
429/591/60/(0, 255, 0)
429/591/60/(0, 255, 0)
440/594/60/(0, 255, 0)
440/594/60/(0, 255, 0)
451/598/60/(0, 255, 0)
451/598/60/(0, 255, 0)
451/598/60/(0, 255, 0)
462/601/60/(0, 255, 0)
462/601/60/(0, 255, 0)
470/603/60/(0, 255, 0)
470/603/60/(0, 255, 0)
477/605/60/(0, 255, 0)
477/605/60/(0, 255, 0)
477/605/60/(0, 255, 0)
484/606/60/(0, 255, 0)
484/606/60/(0, 255, 0)
489/608/60/(0, 255, 0)
489/608/60/(0, 255, 0)
495/610/60/(0, 255, 0)
495/610/60/(0, 255, 0)
495/610/60/(0, 255, 0)
501/611/60/(0, 255, 0)
501/611/60/(0, 255, 0)
508/612/60/(0, 255, 0)
508/612/60/(0, 255, 0)
515/613/60/(0, 255, 0)
515/613/60/(0, 255, 0)
515/613/60/(0, 255, 0)
524/614/60/(0, 255, 0)
524/614/60/(0, 255, 0)
532/615/60/(0, 255, 0)
532/615/60/(0, 255, 0)
540/615/60/(0, 255, 0)
540/615/60/(0, 255, 0)
548/615/60/(0, 255, 0)
548/615/60/(0, 255, 0)
555/615/60/(0, 255, 0)
555/615/60/(0, 255, 0)
555/615/60/(0, 255, 0)
560/615/60/(0, 255, 0)
560/615/60/(0, 255, 0)
566/615/60/(0, 255, 0)
566/615/60/(0, 255, 0)
571/615/60/(0, 255, 0)
571/615/60/(0, 255, 0)
577/615/60/(0, 255, 0)
577/615/60/(0, 255, 0)
583/615/60/(0, 255, 0)
583/615/60/(0, 255, 0)
583/615/60/(0, 255, 0)
590/615/60/(0, 255, 0)
590/615/60/(0, 255, 0)
598/614/60/(0, 255, 0)
598/614/60/(0, 255, 0)
599/613/60/(0, 255, 0)
599/613/60/(0, 255, 0)
599/613/60/(0, 255, 0)
599/613/60/(0, 255, 0)
599/613/60/(0, 255, 0)
599/613/60/(0, 255, 0)
599/613/60/(0, 255, 0)
599/613/60/(0, 255, 0)
599/613/60/(0, 255, 0)
599/613/60/(0, 255, 0)
599/613/60/(0, 255, 0)
599/613/60/(0, 255, 0)
599/613/60/(0, 255, 0)
599/613/60/(0, 255, 0)
599/613/60/(0, 255, 0)
599/613/60/(0, 255, 0)
599/613/60/(0, 255, 0)
599/613/60/(0, 255, 0)
599/613/60/(0, 255, 0)
599/613/60/(0, 255, 0)
599/613/60/(0, 255, 0)
599/613/60/(0, 255, 0)
599/613/60/(0, 255, 0)
599/613/60/(0, 255, 0)
599/613/60/(0, 255, 0)
599/613/60/(0, 255, 0)
599/613/60/(0, 255, 0)
599/613/60/(0, 255, 0)
599/613/60/(0, 255, 0)
599/613/60/(0, 255, 0)
599/613/60/(0, 255, 0)
599/613/60/(0, 255, 0)
599/613/60/(0, 255, 0)
599/613/60/(0, 255, 0)
599/613/60/(0, 255, 0)
599/613/60/(0, 255, 0)
599/613/60/(0, 255, 0)
599/613/60/(0, 255, 0)
599/613/60/(0, 255, 0)
599/613/60/(0, 255, 0)
599/613/60/(0, 255, 0)
599/613/60/(0, 255, 0)
599/613/60/(0, 255, 0)
599/613/60/(0, 255, 0)
599/613/60/(0, 255, 0)
599/613/60/(0, 255, 0)
599/613/60/(0, 255, 0)
599/613/60/(0, 255, 0)
599/613/60/(0, 255, 0)
599/613/60/(0, 255, 0)
599/613/60/(0, 255, 0)
599/613/60/(0, 255, 0)
599/613/60/(0, 255, 0)
599/613/60/(0, 255, 0)
599/613/60/(0, 255, 0)
599/613/60/(0, 255, 0)
599/613/60/(0, 255, 0)
599/613/60/(0, 255, 0)
599/613/60/(0, 255, 0)
599/613/60/(0, 255, 0)
599/613/60/(0, 255, 0)
599/613/60/(0, 255, 0)
599/613/60/(0, 255, 0)
599/613/60/(0, 255, 0)
599/613/60/(0, 255, 0)
599/613/60/(0, 255, 0)
599/613/60/(0, 255, 0)
599/613/60/(0, 255, 0)
599/613/60/(0, 255, 0)
599/613/60/(0, 255, 0)
599/613/60/(0, 255, 0)
599/613/60/(0, 255, 0)
599/613/60/(0, 255, 0)
599/613/60/(0, 255, 0)
599/613/60/(0, 255, 0)
599/613/60/(0, 255, 0)
599/613/60/(0, 255, 0)
599/613/60/(0, 255, 0)
599/613/60/(0, 255, 0)
599/613/60/(0, 255, 0)
599/613/60/(0, 255, 0)
599/613/60/(0, 255, 0)
599/613/60/(0, 255, 0)
599/613/60/(0, 255, 0)
599/613/60/(0, 255, 0)
599/613/60/(0, 255, 0)
599/613/60/(0, 255, 0)
599/613/60/(0, 255, 0)
599/613/60/(0, 255, 0)
597/580/60/(0, 255, 0)
593/580/60/(0, 255, 0)
591/580/60/(0, 255, 0)
590/580/60/(0, 255, 0)
590/580/60/(0, 255, 0)
590/580/60/(0, 255, 0)
589/580/60/(0, 255, 0)
589/580/60/(0, 255, 0)
588/579/60/(0, 255, 0)
588/579/60/(0, 255, 0)
587/578/60/(0, 255, 0)
587/578/60/(0, 255, 0)
586/576/60/(0, 255, 0)
586/576/60/(0, 255, 0)
586/575/60/(0, 255, 0)
586/575/60/(0, 255, 0)
586/572/60/(0, 255, 0)
586/572/60/(0, 255, 0)
586/570/60/(0, 255, 0)
586/570/60/(0, 255, 0)
586/567/60/(0, 255, 0)
586/567/60/(0, 255, 0)
586/564/60/(0, 255, 0)
586/560/60/(0, 255, 0)
586/560/60/(0, 255, 0)
586/556/60/(0, 255, 0)
586/556/60/(0, 255, 0)
586/553/60/(0, 255, 0)
586/553/60/(0, 255, 0)
586/550/60/(0, 255, 0)
586/550/60/(0, 255, 0)
589/544/60/(0, 255, 0)
589/544/60/(0, 255, 0)
592/538/60/(0, 255, 0)
592/538/60/(0, 255, 0)
595/532/60/(0, 255, 0)
598/527/60/(0, 255, 0)
598/527/60/(0, 255, 0)
599/521/60/(0, 255, 0)
599/521/60/(0, 255, 0)
599/521/60/(0, 255, 0)
599/521/60/(0, 255, 0)
599/521/60/(0, 255, 0)
599/521/60/(0, 255, 0)
599/521/60/(0, 255, 0)
599/521/60/(0, 255, 0)
599/521/60/(0, 255, 0)
599/521/60/(0, 255, 0)
599/521/60/(0, 255, 0)
599/521/60/(0, 255, 0)
599/521/60/(0, 255, 0)
599/521/60/(0, 255, 0)
599/521/60/(0, 255, 0)
599/521/60/(0, 255, 0)
599/521/60/(0, 255, 0)
599/521/60/(0, 255, 0)
599/521/60/(0, 255, 0)
599/521/60/(0, 255, 0)
599/521/60/(0, 255, 0)
599/521/60/(0, 255, 0)
599/521/60/(0, 255, 0)
599/521/60/(0, 255, 0)
599/521/60/(0, 255, 0)
599/521/60/(0, 255, 0)
599/521/60/(0, 255, 0)
599/521/60/(0, 255, 0)
599/521/60/(0, 255, 0)
598/521/60/(0, 255, 0)
598/521/60/(0, 255, 0)
593/524/60/(0, 255, 0)
587/529/60/(0, 255, 0)
584/530/60/(0, 255, 0)
579/531/60/(0, 255, 0)
570/532/60/(0, 255, 0)
560/533/60/(0, 255, 0)
546/534/60/(0, 255, 0)
522/534/60/(0, 255, 0)
522/534/60/(0, 255, 0)
495/534/60/(0, 255, 0)
495/534/60/(0, 255, 0)
457/534/60/(0, 255, 0)
411/534/60/(0, 255, 0)
411/534/60/(0, 255, 0)
367/534/60/(0, 255, 0)
367/534/60/(0, 255, 0)
321/534/60/(0, 255, 0)
281/534/60/(0, 255, 0)
281/534/60/(0, 255, 0)
245/534/60/(0, 255, 0)
245/534/60/(0, 255, 0)
220/535/60/(0, 255, 0)
220/535/60/(0, 255, 0)
204/535/60/(0, 255, 0)
192/535/60/(0, 255, 0)
183/535/60/(0, 255, 0)
183/535/60/(0, 255, 0)
180/535/60/(0, 255, 0)
180/535/60/(0, 255, 0)
180/535/60/(0, 255, 0)
180/535/60/(0, 255, 0)
180/535/60/(0, 255, 0)
180/535/60/(0, 255, 0)
180/535/60/(0, 255, 0)
180/535/60/(0, 255, 0)
180/535/60/(0, 255, 0)
180/535/60/(0, 255, 0)
180/535/60/(0, 255, 0)
180/535/60/(0, 255, 0)
180/535/60/(0, 255, 0)
180/535/60/(0, 255, 0)
181/535/60/(0, 255, 0)
186/535/60/(0, 255, 0)
188/535/60/(0, 255, 0)
188/535/60/(0, 255, 0)
195/534/60/(0, 255, 0)
207/532/60/(0, 255, 0)
207/532/60/(0, 255, 0)
222/528/60/(0, 255, 0)
246/524/60/(0, 255, 0)
246/524/60/(0, 255, 0)
274/520/60/(0, 255, 0)
300/517/60/(0, 255, 0)
334/512/60/(0, 255, 0)
334/512/60/(0, 255, 0)
365/509/60/(0, 255, 0)
394/504/60/(0, 255, 0)
420/501/60/(0, 255, 0)
437/499/60/(0, 255, 0)
452/498/60/(0, 255, 0)
471/495/60/(0, 255, 0)
471/495/60/(0, 255, 0)
472/495/60/(0, 255, 0)
472/495/60/(0, 255, 0)
472/495/60/(0, 255, 0)
472/495/60/(0, 255, 0)
469/501/60/(0, 255, 0)
463/506/60/(0, 255, 0)
459/508/60/(0, 255, 0)
452/512/60/(0, 255, 0)
441/516/60/(0, 255, 0)
427/522/60/(0, 255, 0)
408/528/60/(0, 255, 0)
381/532/60/(0, 255, 0)
347/537/60/(0, 255, 0)
308/541/60/(0, 255, 0)
265/543/60/(0, 255, 0)
265/543/60/(0, 255, 0)
215/545/60/(0, 255, 0)
215/545/60/(0, 255, 0)
167/545/60/(0, 255, 0)
123/545/60/(0, 255, 0)
123/545/60/(0, 255, 0)
80/545/60/(0, 255, 0)
42/545/60/(0, 255, 0)
42/545/60/(0, 255, 0)
12/545/60/(0, 255, 0)
12/545/60/(0, 255, 0)
12/545/60/(0, 255, 0)
12/545/60/(0, 255, 0)
12/545/60/(0, 255, 0)
12/545/60/(0, 255, 0)
12/545/60/(0, 255, 0)
12/545/60/(0, 255, 0)
12/545/60/(0, 255, 0)
12/545/60/(0, 255, 0)
12/545/60/(0, 255, 0)
12/545/60/(0, 255, 0)
12/545/60/(0, 255, 0)
12/545/60/(0, 255, 0)
12/545/60/(0, 255, 0)
12/545/60/(0, 255, 0)
12/545/60/(0, 255, 0)
12/545/60/(0, 255, 0)
12/545/60/(0, 255, 0)
12/545/60/(0, 255, 0)
12/545/60/(0, 255, 0)
12/545/60/(0, 255, 0)
12/545/60/(0, 255, 0)
12/545/60/(0, 255, 0)
12/545/60/(0, 255, 0)
12/545/60/(0, 255, 0)
12/545/60/(0, 255, 0)
12/545/60/(0, 255, 0)
12/545/60/(0, 255, 0)
0/525/60/(0, 255, 0)
0/525/60/(0, 255, 0)
4/522/60/(0, 255, 0)
14/519/60/(0, 255, 0)
14/519/60/(0, 255, 0)
23/515/60/(0, 255, 0)
32/513/60/(0, 255, 0)
32/513/60/(0, 255, 0)
39/511/60/(0, 255, 0)
41/511/60/(0, 255, 0)
41/511/60/(0, 255, 0)
41/511/60/(0, 255, 0)
41/511/60/(0, 255, 0)
41/511/60/(0, 255, 0)
41/511/60/(0, 255, 0)
41/511/60/(0, 255, 0)
41/511/60/(0, 255, 0)
41/511/60/(0, 255, 0)
41/511/60/(0, 255, 0)
41/511/60/(0, 255, 0)
41/511/60/(0, 255, 0)
41/511/60/(0, 255, 0)
41/511/60/(0, 255, 0)
41/511/60/(0, 255, 0)
41/511/60/(0, 255, 0)
42/512/60/(0, 255, 0)
42/512/60/(0, 255, 0)
41/513/60/(0, 255, 0)
41/515/60/(0, 255, 0)
41/515/60/(0, 255, 0)
40/518/60/(0, 255, 0)
39/518/60/(0, 255, 0)
39/519/60/(0, 255, 0)
39/519/60/(0, 255, 0)
39/521/60/(0, 255, 0)
38/522/60/(0, 255, 0)
38/522/60/(0, 255, 0)
37/523/60/(0, 255, 0)
37/523/60/(0, 255, 0)
37/523/60/(0, 255, 0)
37/523/60/(0, 255, 0)
37/523/60/(0, 255, 0)
37/524/60/(0, 255, 0)
37/524/60/(0, 255, 0)
37/524/60/(0, 255, 0)
37/524/60/(0, 255, 0)
37/524/60/(0, 255, 0)
37/524/60/(0, 255, 0)
37/524/60/(0, 255, 0)
37/524/60/(0, 255, 0)
37/524/60/(0, 255, 0)
37/524/60/(0, 255, 0)
37/524/60/(0, 255, 0)
37/524/60/(0, 255, 0)
37/524/60/(0, 255, 0)
37/524/60/(0, 255, 0)
37/524/60/(0, 255, 0)
37/524/60/(0, 255, 0)
39/525/60/(0, 255, 0)
41/525/60/(0, 255, 0)
44/524/60/(0, 255, 0)
44/524/60/(0, 255, 0)
48/522/60/(0, 255, 0)
54/519/60/(0, 255, 0)
56/518/60/(0, 255, 0)
56/518/60/(0, 255, 0)
62/517/60/(0, 255, 0)
71/516/60/(0, 255, 0)
71/516/60/(0, 255, 0)
80/515/60/(0, 255, 0)
91/513/60/(0, 255, 0)
102/512/60/(0, 255, 0)
102/512/60/(0, 255, 0)
113/510/60/(0, 255, 0)
124/509/60/(0, 255, 0)
133/508/60/(0, 255, 0)
133/508/60/(0, 255, 0)
143/506/60/(0, 255, 0)
152/505/60/(0, 255, 0)
160/504/60/(0, 255, 0)
160/504/60/(0, 255, 0)
167/503/60/(0, 255, 0)
174/502/60/(0, 255, 0)
174/502/60/(0, 255, 0)
179/502/60/(0, 255, 0)
185/502/60/(0, 255, 0)
190/502/60/(0, 255, 0)
190/502/60/(0, 255, 0)
197/502/60/(0, 255, 0)
205/502/60/(0, 255, 0)
214/502/60/(0, 255, 0)
214/502/60/(0, 255, 0)
225/502/60/(0, 255, 0)
236/502/60/(0, 255, 0)
248/502/60/(0, 255, 0)
248/502/60/(0, 255, 0)
259/502/60/(0, 255, 0)
270/502/60/(0, 255, 0)
281/502/60/(0, 255, 0)
290/502/60/(0, 255, 0)
290/502/60/(0, 255, 0)
301/502/60/(0, 255, 0)
311/502/60/(0, 255, 0)
321/502/60/(0, 255, 0)
321/502/60/(0, 255, 0)
333/502/60/(0, 255, 0)
344/502/60/(0, 255, 0)
356/502/60/(0, 255, 0)
356/502/60/(0, 255, 0)
368/502/60/(0, 255, 0)
382/502/60/(0, 255, 0)
395/502/60/(0, 255, 0)
395/502/60/(0, 255, 0)
408/502/60/(0, 255, 0)
419/502/60/(0, 255, 0)
428/501/60/(0, 255, 0)
436/500/60/(0, 255, 0)
436/500/60/(0, 255, 0)
444/499/60/(0, 255, 0)
451/498/60/(0, 255, 0)
458/497/60/(0, 255, 0)
465/496/60/(0, 255, 0)
465/496/60/(0, 255, 0)
472/496/60/(0, 255, 0)
478/496/60/(0, 255, 0)
488/495/60/(0, 255, 0)
488/495/60/(0, 255, 0)
497/493/60/(0, 255, 0)
506/492/60/(0, 255, 0)
512/491/60/(0, 255, 0)
521/489/60/(0, 255, 0)
528/487/60/(0, 255, 0)
528/487/60/(0, 255, 0)
535/485/60/(0, 255, 0)
542/483/60/(0, 255, 0)
549/481/60/(0, 255, 0)
557/479/60/(0, 255, 0)
557/479/60/(0, 255, 0)
567/477/60/(0, 255, 0)
576/475/60/(0, 255, 0)
585/472/60/(0, 255, 0)
594/470/60/(0, 255, 0)
594/470/60/(0, 255, 0)
599/468/60/(0, 255, 0)
599/468/60/(0, 255, 0)
599/468/60/(0, 255, 0)
599/468/60/(0, 255, 0)
599/468/60/(0, 255, 0)
599/468/60/(0, 255, 0)
599/468/60/(0, 255, 0)
599/468/60/(0, 255, 0)
599/468/60/(0, 255, 0)
599/468/60/(0, 255, 0)
599/468/60/(0, 255, 0)
599/468/60/(0, 255, 0)
599/468/60/(0, 255, 0)
599/468/60/(0, 255, 0)
599/468/60/(0, 255, 0)
599/468/60/(0, 255, 0)
599/468/60/(0, 255, 0)
599/468/60/(0, 255, 0)
599/468/60/(0, 255, 0)
599/468/60/(0, 255, 0)
599/468/60/(0, 255, 0)
599/468/60/(0, 255, 0)
599/468/60/(0, 255, 0)
599/468/60/(0, 255, 0)
599/468/60/(0, 255, 0)
599/468/60/(0, 255, 0)
599/468/60/(0, 255, 0)
599/468/60/(0, 255, 0)
598/464/60/(0, 255, 0)
591/464/60/(0, 255, 0)
580/464/60/(0, 255, 0)
570/464/60/(0, 255, 0)
570/464/60/(0, 255, 0)
558/464/60/(0, 255, 0)
542/464/60/(0, 255, 0)
520/464/60/(0, 255, 0)
495/464/60/(0, 255, 0)
473/464/60/(0, 255, 0)
473/464/60/(0, 255, 0)
449/464/60/(0, 255, 0)
432/464/60/(0, 255, 0)
416/464/60/(0, 255, 0)
399/464/60/(0, 255, 0)
383/464/60/(0, 255, 0)
383/464/60/(0, 255, 0)
364/464/60/(0, 255, 0)
349/464/60/(0, 255, 0)
331/464/60/(0, 255, 0)
308/467/60/(0, 255, 0)
282/470/60/(0, 255, 0)
282/470/60/(0, 255, 0)
256/473/60/(0, 255, 0)
232/479/60/(0, 255, 0)
205/485/60/(0, 255, 0)
184/491/60/(0, 255, 0)
167/496/60/(0, 255, 0)
156/500/60/(0, 255, 0)
156/500/60/(0, 255, 0)
146/502/60/(0, 255, 0)
139/504/60/(0, 255, 0)
132/506/60/(0, 255, 0)
127/507/60/(0, 255, 0)
121/508/60/(0, 255, 0)
121/508/60/(0, 255, 0)
116/509/60/(0, 255, 0)
110/509/60/(0, 255, 0)
103/510/60/(0, 255, 0)
98/511/60/(0, 255, 0)
92/512/60/(0, 255, 0)
86/514/60/(0, 255, 0)
80/516/60/(0, 255, 0)
80/516/60/(0, 255, 0)
76/518/60/(0, 255, 0)
73/520/60/(0, 255, 0)
69/520/60/(0, 255, 0)
65/522/60/(0, 255, 0)
61/523/60/(0, 255, 0)
56/524/60/(0, 255, 0)
51/525/60/(0, 255, 0)
45/526/60/(0, 255, 0)
38/527/60/(0, 255, 0)
38/527/60/(0, 255, 0)
30/527/60/(0, 255, 0)
23/527/60/(0, 255, 0)
15/527/60/(0, 255, 0)
9/528/60/(0, 255, 0)
6/529/60/(0, 255, 0)
4/529/60/(0, 255, 0)
1/529/60/(0, 255, 0)
1/529/60/(0, 255, 0)
0/529/60/(0, 255, 0)
0/529/60/(0, 255, 0)
0/529/60/(0, 255, 0)
0/529/60/(0, 255, 0)
0/529/60/(0, 255, 0)
0/529/60/(0, 255, 0)
0/529/60/(0, 255, 0)
0/529/60/(0, 255, 0)
0/529/60/(0, 255, 0)
0/529/60/(0, 255, 0)
0/529/60/(0, 255, 0)
0/529/60/(0, 255, 0)
0/529/60/(0, 255, 0)
0/529/60/(0, 255, 0)
0/529/60/(0, 255, 0)
0/529/60/(0, 255, 0)
0/529/60/(0, 255, 0)
0/529/60/(0, 255, 0)
0/529/60/(0, 255, 0)
0/529/60/(0, 255, 0)
0/529/60/(0, 255, 0)
0/529/60/(0, 255, 0)
0/529/60/(0, 255, 0)
0/529/60/(0, 255, 0)
0/507/60/(0, 255, 0)
5/503/60/(0, 255, 0)
7/502/60/(0, 255, 0)
11/499/60/(0, 255, 0)
11/499/60/(0, 255, 0)
14/497/60/(0, 255, 0)
19/494/60/(0, 255, 0)
23/492/60/(0, 255, 0)
28/489/60/(0, 255, 0)
34/486/60/(0, 255, 0)
37/486/60/(0, 255, 0)
43/484/60/(0, 255, 0)
48/483/60/(0, 255, 0)
52/482/60/(0, 255, 0)
52/482/60/(0, 255, 0)
57/482/60/(0, 255, 0)
65/481/60/(0, 255, 0)
75/480/60/(0, 255, 0)
84/479/60/(0, 255, 0)
92/479/60/(0, 255, 0)
99/479/60/(0, 255, 0)
106/479/60/(0, 255, 0)
114/479/60/(0, 255, 0)
122/478/60/(0, 255, 0)
129/477/60/(0, 255, 0)
137/476/60/(0, 255, 0)
146/475/60/(0, 255, 0)
156/474/60/(0, 255, 0)
165/473/60/(0, 255, 0)
173/471/60/(0, 255, 0)
184/469/60/(0, 255, 0)
195/466/60/(0, 255, 0)
195/466/60/(0, 255, 0)
206/464/60/(0, 255, 0)
217/462/60/(0, 255, 0)
229/460/60/(0, 255, 0)
244/458/60/(0, 255, 0)
259/455/60/(0, 255, 0)
276/454/60/(0, 255, 0)
294/451/60/(0, 255, 0)
312/449/60/(0, 255, 0)
328/446/60/(0, 255, 0)
342/445/60/(0, 255, 0)
356/444/60/(0, 255, 0)
369/444/60/(0, 255, 0)
381/444/60/(0, 255, 0)
393/444/60/(0, 255, 0)
403/444/60/(0, 255, 0)
403/444/60/(0, 255, 0)
413/444/60/(0, 255, 0)
422/443/60/(0, 255, 0)
430/442/60/(0, 255, 0)
439/442/60/(0, 255, 0)
449/442/60/(0, 255, 0)
457/442/60/(0, 255, 0)
466/442/60/(0, 255, 0)
475/442/60/(0, 255, 0)
484/442/60/(0, 255, 0)
492/442/60/(0, 255, 0)
498/442/60/(0, 255, 0)
504/442/60/(0, 255, 0)
508/441/60/(0, 255, 0)
512/440/60/(0, 255, 0)
516/440/60/(0, 255, 0)
521/440/60/(0, 255, 0)
526/440/60/(0, 255, 0)
533/440/60/(0, 255, 0)
542/440/60/(0, 255, 0)
552/440/60/(0, 255, 0)
562/438/60/(0, 255, 0)
562/438/60/(0, 255, 0)
573/437/60/(0, 255, 0)
583/436/60/(0, 255, 0)
589/435/60/(0, 255, 0)
596/434/60/(0, 255, 0)
599/433/60/(0, 255, 0)
599/433/60/(0, 255, 0)
599/433/60/(0, 255, 0)
599/433/60/(0, 255, 0)
599/433/60/(0, 255, 0)
599/433/60/(0, 255, 0)
599/433/60/(0, 255, 0)
599/433/60/(0, 255, 0)
599/433/60/(0, 255, 0)
599/433/60/(0, 255, 0)
599/433/60/(0, 255, 0)
599/433/60/(0, 255, 0)
599/433/60/(0, 255, 0)
599/433/60/(0, 255, 0)
599/433/60/(0, 255, 0)
599/433/60/(0, 255, 0)
599/433/60/(0, 255, 0)
599/433/60/(0, 255, 0)
599/433/60/(0, 255, 0)
599/433/60/(0, 255, 0)
599/433/60/(0, 255, 0)
599/433/60/(0, 255, 0)
599/433/60/(0, 255, 0)
599/433/60/(0, 255, 0)
599/433/60/(0, 255, 0)
599/433/60/(0, 255, 0)
599/433/60/(0, 255, 0)
599/433/60/(0, 255, 0)
599/433/60/(0, 255, 0)
599/433/60/(0, 255, 0)
599/433/60/(0, 255, 0)
599/433/60/(0, 255, 0)
599/433/60/(0, 255, 0)
599/433/60/(0, 255, 0)
16/385/53/(0, 255, 255)
16/385/53/(0, 255, 255)
16/385/53/(0, 255, 255)
16/385/53/(0, 255, 255)
16/385/53/(0, 255, 255)
16/385/53/(0, 255, 255)
16/385/53/(0, 255, 255)
16/385/53/(0, 255, 255)
16/385/53/(0, 255, 255)
16/385/53/(0, 255, 255)
16/385/53/(0, 255, 255)
20/385/53/(0, 255, 255)
24/385/53/(0, 255, 255)
26/385/53/(0, 255, 255)
29/385/53/(0, 255, 255)
34/384/53/(0, 255, 255)
40/383/53/(0, 255, 255)
46/382/53/(0, 255, 255)
51/381/53/(0, 255, 255)
56/380/53/(0, 255, 255)
65/379/53/(0, 255, 255)
72/378/53/(0, 255, 255)
78/378/53/(0, 255, 255)
86/378/53/(0, 255, 255)
96/377/53/(0, 255, 255)
107/377/53/(0, 255, 255)
118/377/53/(0, 255, 255)
128/377/53/(0, 255, 255)
138/376/53/(0, 255, 255)
147/375/53/(0, 255, 255)
155/374/53/(0, 255, 255)
163/374/53/(0, 255, 255)
173/374/53/(0, 255, 255)
182/374/53/(0, 255, 255)
201/374/53/(0, 255, 255)
213/374/53/(0, 255, 255)
226/374/53/(0, 255, 255)
239/374/53/(0, 255, 255)
252/374/53/(0, 255, 255)
265/374/53/(0, 255, 255)
279/374/53/(0, 255, 255)
292/374/53/(0, 255, 255)
304/374/53/(0, 255, 255)
314/374/53/(0, 255, 255)
326/374/53/(0, 255, 255)
338/373/53/(0, 255, 255)
353/372/53/(0, 255, 255)
368/371/53/(0, 255, 255)
381/368/53/(0, 255, 255)
408/365/53/(0, 255, 255)
420/364/53/(0, 255, 255)
429/362/53/(0, 255, 255)
439/360/53/(0, 255, 255)
447/359/53/(0, 255, 255)
453/358/53/(0, 255, 255)
458/356/53/(0, 255, 255)
463/355/53/(0, 255, 255)
470/354/53/(0, 255, 255)
476/354/53/(0, 255, 255)
485/353/53/(0, 255, 255)
494/352/53/(0, 255, 255)
505/351/53/(0, 255, 255)
517/349/53/(0, 255, 255)
528/346/53/(0, 255, 255)
536/344/53/(0, 255, 255)
544/342/53/(0, 255, 255)
551/340/53/(0, 255, 255)
557/339/53/(0, 255, 255)
566/338/53/(0, 255, 255)
571/336/53/(0, 255, 255)
577/335/53/(0, 255, 255)
583/334/53/(0, 255, 255)
588/332/53/(0, 255, 255)
595/330/53/(0, 255, 255)
599/329/53/(0, 255, 255)
599/329/53/(0, 255, 255)
599/329/53/(0, 255, 255)
599/329/53/(0, 255, 255)
599/329/53/(0, 255, 255)
599/329/53/(0, 255, 255)
599/329/53/(0, 255, 255)
599/329/53/(0, 255, 255)
599/329/53/(0, 255, 255)
599/329/53/(0, 255, 255)
599/329/53/(0, 255, 255)
599/329/53/(0, 255, 255)
599/329/53/(0, 255, 255)
599/329/53/(0, 255, 255)
599/329/53/(0, 255, 255)
599/329/53/(0, 255, 255)
599/329/53/(0, 255, 255)
599/329/53/(0, 255, 255)
599/329/53/(0, 255, 255)
599/329/53/(0, 255, 255)
599/329/53/(0, 255, 255)
599/329/53/(0, 255, 255)
599/329/53/(0, 255, 255)
599/329/53/(0, 255, 255)
599/329/53/(0, 255, 255)
599/329/53/(0, 255, 255)
599/329/53/(0, 255, 255)
599/329/53/(0, 255, 255)
599/329/53/(0, 255, 255)
599/329/53/(0, 255, 255)
599/329/53/(0, 255, 255)
599/329/53/(0, 255, 255)
599/329/53/(0, 255, 255)
599/329/53/(0, 255, 255)
599/329/53/(0, 255, 255)
599/329/53/(0, 255, 255)
599/329/53/(0, 255, 255)
599/329/53/(0, 255, 255)
599/329/53/(0, 255, 255)
599/329/53/(0, 255, 255)
599/329/53/(0, 255, 255)
599/329/53/(0, 255, 255)
599/329/53/(0, 255, 255)
599/329/53/(0, 255, 255)
599/329/53/(0, 255, 255)
599/329/53/(0, 255, 255)
599/329/53/(0, 255, 255)
599/329/53/(0, 255, 255)
599/329/53/(0, 255, 255)
599/329/53/(0, 255, 255)
599/329/53/(0, 255, 255)
599/329/53/(0, 255, 255)
599/329/53/(0, 255, 255)
599/329/53/(0, 255, 255)
599/329/53/(0, 255, 255)
599/329/53/(0, 255, 255)
599/329/53/(0, 255, 255)
599/329/53/(0, 255, 255)
599/329/53/(0, 255, 255)
599/329/53/(0, 255, 255)
599/329/53/(0, 255, 255)
599/329/53/(0, 255, 255)
599/329/53/(0, 255, 255)
599/329/53/(0, 255, 255)
599/329/53/(0, 255, 255)
599/329/53/(0, 255, 255)
599/329/53/(0, 255, 255)
599/329/53/(0, 255, 255)
599/329/53/(0, 255, 255)
599/329/53/(0, 255, 255)
599/329/53/(0, 255, 255)
599/329/53/(0, 255, 255)
599/329/53/(0, 255, 255)
599/329/53/(0, 255, 255)
599/329/53/(0, 255, 255)
599/329/53/(0, 255, 255)
599/329/53/(0, 255, 255)
596/271/53/(0, 255, 255)
591/277/53/(0, 255, 255)
589/279/53/(0, 255, 255)
585/282/53/(0, 255, 255)
582/283/53/(0, 255, 255)
577/284/53/(0, 255, 255)
574/286/53/(0, 255, 255)
570/286/53/(0, 255, 255)
568/286/53/(0, 255, 255)
565/286/53/(0, 255, 255)
563/286/53/(0, 255, 255)
558/286/53/(0, 255, 255)
552/283/53/(0, 255, 255)
551/283/53/(0, 255, 255)
550/283/53/(0, 255, 255)
550/283/53/(0, 255, 255)
550/282/53/(0, 255, 255)
549/282/53/(0, 255, 255)
549/282/53/(0, 255, 255)
548/280/53/(0, 255, 255)
547/279/53/(0, 255, 255)
547/278/53/(0, 255, 255)
547/278/53/(0, 255, 255)
547/278/53/(0, 255, 255)
547/278/53/(0, 255, 255)
547/278/53/(0, 255, 255)
547/278/53/(0, 255, 255)
547/278/53/(0, 255, 255)
547/278/53/(0, 255, 255)
547/278/53/(0, 255, 255)
547/278/53/(0, 255, 255)
547/278/53/(0, 255, 255)
547/278/53/(0, 255, 255)
547/278/53/(0, 255, 255)
547/278/53/(0, 255, 255)
547/278/53/(0, 255, 255)
543/278/53/(0, 255, 255)
530/278/53/(0, 255, 255)
518/278/53/(0, 255, 255)
500/278/53/(0, 255, 255)
469/279/53/(0, 255, 255)
428/281/53/(0, 255, 255)
377/281/53/(0, 255, 255)
292/285/53/(0, 255, 255)
256/288/53/(0, 255, 255)
227/291/53/(0, 255, 255)
209/294/53/(0, 255, 255)
194/296/53/(0, 255, 255)
179/299/53/(0, 255, 255)
163/301/53/(0, 255, 255)
150/303/53/(0, 255, 255)
124/308/53/(0, 255, 255)
112/310/53/(0, 255, 255)
99/311/53/(0, 255, 255)
87/313/53/(0, 255, 255)
75/314/53/(0, 255, 255)
65/315/53/(0, 255, 255)
57/316/53/(0, 255, 255)
55/317/53/(0, 255, 255)
55/317/53/(0, 255, 255)
55/317/53/(0, 255, 255)
55/317/53/(0, 255, 255)
55/317/53/(0, 255, 255)
55/317/53/(0, 255, 255)
56/317/53/(0, 255, 255)
59/317/53/(0, 255, 255)
78/317/53/(0, 255, 255)
97/317/53/(0, 255, 255)
121/317/53/(0, 255, 255)
152/316/53/(0, 255, 255)
192/316/53/(0, 255, 255)
233/316/53/(0, 255, 255)
277/314/53/(0, 255, 255)
351/312/53/(0, 255, 255)
376/311/53/(0, 255, 255)
390/309/53/(0, 255, 255)
401/308/53/(0, 255, 255)
403/308/53/(0, 255, 255)
405/308/53/(0, 255, 255)
405/308/53/(0, 255, 255)
405/308/53/(0, 255, 255)
405/308/53/(0, 255, 255)
405/308/53/(0, 255, 255)
405/308/53/(0, 255, 255)
405/308/53/(0, 255, 255)
397/310/53/(0, 255, 255)
387/313/53/(0, 255, 255)
374/317/53/(0, 255, 255)
357/320/53/(0, 255, 255)
330/325/53/(0, 255, 255)
302/330/53/(0, 255, 255)
245/336/53/(0, 255, 255)
220/338/53/(0, 255, 255)
183/340/53/(0, 255, 255)
171/340/53/(0, 255, 255)
161/340/53/(0, 255, 255)
153/340/53/(0, 255, 255)
153/340/53/(0, 255, 255)
153/340/53/(0, 255, 255)
153/340/53/(0, 255, 255)
153/340/53/(0, 255, 255)
153/340/53/(0, 255, 255)
153/340/53/(0, 255, 255)
152/340/53/(0, 255, 255)
155/337/53/(0, 255, 255)
160/334/53/(0, 255, 255)
163/332/53/(0, 255, 255)
168/330/53/(0, 255, 255)
176/327/53/(0, 255, 255)
187/325/53/(0, 255, 255)
217/319/53/(0, 255, 255)
243/316/53/(0, 255, 255)
271/313/53/(0, 255, 255)
295/309/53/(0, 255, 255)
314/305/53/(0, 255, 255)
338/300/53/(0, 255, 255)
338/300/53/(0, 255, 255)
340/299/53/(0, 255, 255)
340/299/53/(0, 255, 255)
340/299/53/(0, 255, 255)
340/299/53/(0, 255, 255)
340/299/53/(0, 255, 255)
340/299/53/(0, 255, 255)
340/299/53/(0, 255, 255)
340/299/53/(0, 255, 255)
340/299/53/(0, 255, 255)
340/299/53/(0, 255, 255)
340/299/53/(0, 255, 255)
340/299/53/(0, 255, 255)
340/299/53/(0, 255, 255)
339/299/53/(0, 255, 255)
337/299/53/(0, 255, 255)
322/299/53/(0, 255, 255)
309/299/53/(0, 255, 255)
289/299/53/(0, 255, 255)
265/299/53/(0, 255, 255)
240/299/53/(0, 255, 255)
167/299/53/(0, 255, 255)
126/299/53/(0, 255, 255)
88/299/53/(0, 255, 255)
58/299/53/(0, 255, 255)
33/299/53/(0, 255, 255)
0/299/53/(0, 255, 255)
0/299/53/(0, 255, 255)
0/299/53/(0, 255, 255)
0/299/53/(0, 255, 255)
0/299/53/(0, 255, 255)
0/299/53/(0, 255, 255)
0/299/53/(0, 255, 255)
0/299/53/(0, 255, 255)
0/299/53/(0, 255, 255)
0/299/53/(0, 255, 255)
0/299/53/(0, 255, 255)
0/299/53/(0, 255, 255)
0/299/53/(0, 255, 255)
0/299/53/(0, 255, 255)
0/299/53/(0, 255, 255)
0/299/53/(0, 255, 255)
0/299/53/(0, 255, 255)
0/299/53/(0, 255, 255)
0/299/53/(0, 255, 255)
0/299/53/(0, 255, 255)
0/299/53/(0, 255, 255)
0/299/53/(0, 255, 255)
0/299/53/(0, 255, 255)
0/299/53/(0, 255, 255)
0/299/53/(0, 255, 255)
0/299/53/(0, 255, 255)
0/299/53/(0, 255, 255)
0/299/53/(0, 255, 255)
0/299/53/(0, 255, 255)
0/299/53/(0, 255, 255)
0/299/53/(0, 255, 255)
0/299/53/(0, 255, 255)
0/299/53/(0, 255, 255)
0/299/53/(0, 255, 255)
0/299/53/(0, 255, 255)
0/299/53/(0, 255, 255)
0/299/53/(0, 255, 255)
0/299/53/(0, 255, 255)
0/299/53/(0, 255, 255)
0/299/53/(0, 255, 255)
0/299/53/(0, 255, 255)
0/299/53/(0, 255, 255)
0/256/53/(0, 255, 255)
0/256/53/(0, 255, 255)
0/256/53/(0, 255, 255)
0/256/53/(0, 255, 255)
0/256/53/(0, 255, 255)
0/256/53/(0, 255, 255)
1/251/53/(0, 255, 255)
5/251/53/(0, 255, 255)
7/250/53/(0, 255, 255)
14/248/53/(0, 255, 255)
16/247/53/(0, 255, 255)
20/247/53/(0, 255, 255)
26/245/53/(0, 255, 255)
37/243/53/(0, 255, 255)
43/241/53/(0, 255, 255)
49/240/53/(0, 255, 255)
54/239/53/(0, 255, 255)
64/236/53/(0, 255, 255)
70/235/53/(0, 255, 255)
76/234/53/(0, 255, 255)
81/233/53/(0, 255, 255)
85/233/53/(0, 255, 255)
90/233/53/(0, 255, 255)
91/233/53/(0, 255, 255)
92/233/53/(0, 255, 255)
94/233/53/(0, 255, 255)
102/233/53/(0, 255, 255)
105/233/53/(0, 255, 255)
111/233/53/(0, 255, 255)
120/233/53/(0, 255, 255)
145/233/53/(0, 255, 255)
160/233/53/(0, 255, 255)
173/233/53/(0, 255, 255)
185/233/53/(0, 255, 255)
204/233/53/(0, 255, 255)
212/233/53/(0, 255, 255)
217/233/53/(0, 255, 255)
222/233/53/(0, 255, 255)
233/233/53/(0, 255, 255)
240/233/53/(0, 255, 255)
248/233/53/(0, 255, 255)
257/233/53/(0, 255, 255)
277/233/53/(0, 255, 255)
288/233/53/(0, 255, 255)
296/233/53/(0, 255, 255)
303/233/53/(0, 255, 255)
312/233/53/(0, 255, 255)
319/233/53/(0, 255, 255)
326/233/53/(0, 255, 255)
342/233/53/(0, 255, 255)
351/233/53/(0, 255, 255)
362/233/53/(0, 255, 255)
372/233/53/(0, 255, 255)
392/233/53/(0, 255, 255)
400/232/53/(0, 255, 255)
406/232/53/(0, 255, 255)
408/232/53/(0, 255, 255)
411/232/53/(0, 255, 255)
414/232/53/(0, 255, 255)
419/232/53/(0, 255, 255)
425/232/53/(0, 255, 255)
429/232/53/(0, 255, 255)
435/232/53/(0, 255, 255)
442/232/53/(0, 255, 255)
453/230/53/(0, 255, 255)
458/229/53/(0, 255, 255)
462/228/53/(0, 255, 255)
471/226/53/(0, 255, 255)
473/225/53/(0, 255, 255)
477/223/53/(0, 255, 255)
482/220/53/(0, 255, 255)
491/219/53/(0, 255, 255)
499/216/53/(0, 255, 255)
507/212/53/(0, 255, 255)
514/209/53/(0, 255, 255)
526/202/53/(0, 255, 255)
530/199/53/(0, 255, 255)
531/197/53/(0, 255, 255)
532/195/53/(0, 255, 255)
533/194/53/(0, 255, 255)
533/193/53/(0, 255, 255)
534/192/53/(0, 255, 255)
534/191/53/(0, 255, 255)
536/190/53/(0, 255, 255)
536/190/53/(0, 255, 255)
536/189/53/(0, 255, 255)
536/189/53/(0, 255, 255)
536/189/53/(0, 255, 255)
536/189/53/(0, 255, 255)
536/189/53/(0, 255, 255)
538/189/53/(0, 255, 255)
542/189/53/(0, 255, 255)
547/190/53/(0, 255, 255)
550/192/53/(0, 255, 255)
551/193/53/(0, 255, 255)
552/194/53/(0, 255, 255)
553/194/53/(0, 255, 255)
554/196/53/(0, 255, 255)
555/197/53/(0, 255, 255)
560/203/53/(0, 255, 255)
564/206/53/(0, 255, 255)
568/211/53/(0, 255, 255)
578/221/53/(0, 255, 255)
579/222/53/(0, 255, 255)
579/222/53/(0, 255, 255)
579/222/53/(0, 255, 255)
580/223/53/(0, 255, 255)
580/223/53/(0, 255, 255)
580/223/53/(0, 255, 255)
580/223/53/(0, 255, 255)
580/223/53/(0, 255, 255)
580/223/53/(0, 255, 255)
580/222/53/(0, 255, 255)
580/220/53/(0, 255, 255)
580/213/53/(0, 255, 255)
580/208/53/(0, 255, 255)
580/205/53/(0, 255, 255)
580/197/53/(0, 255, 255)
580/195/53/(0, 255, 255)
580/191/53/(0, 255, 255)
578/181/53/(0, 255, 255)
577/176/53/(0, 255, 255)
576/171/53/(0, 255, 255)
574/160/53/(0, 255, 255)
572/155/53/(0, 255, 255)
571/151/53/(0, 255, 255)
569/144/53/(0, 255, 255)
569/142/53/(0, 255, 255)
569/140/53/(0, 255, 255)
569/138/53/(0, 255, 255)
569/138/53/(0, 255, 255)
569/137/53/(0, 255, 255)
568/136/53/(0, 255, 255)
568/136/53/(0, 255, 255)
568/136/53/(0, 255, 255)
568/136/53/(0, 255, 255)
568/136/53/(0, 255, 255)
567/136/53/(0, 255, 255)
567/136/53/(0, 255, 255)
567/136/53/(0, 255, 255)
563/136/53/(0, 255, 255)
553/142/53/(0, 255, 255)
550/143/53/(0, 255, 255)
543/146/53/(0, 255, 255)
517/154/53/(0, 255, 255)
485/160/53/(0, 255, 255)
450/169/53/(0, 255, 255)
377/189/53/(0, 255, 255)
339/198/53/(0, 255, 255)
307/204/53/(0, 255, 255)
243/218/53/(0, 255, 255)
217/222/53/(0, 255, 255)
188/227/53/(0, 255, 255)
136/235/53/(0, 255, 255)
118/237/53/(0, 255, 255)
100/240/53/(0, 255, 255)
66/242/53/(0, 255, 255)
51/242/53/(0, 255, 255)
38/244/53/(0, 255, 255)
15/246/53/(0, 255, 255)
6/246/53/(0, 255, 255)
0/246/53/(0, 255, 255)
0/246/53/(0, 255, 255)
0/246/53/(0, 255, 255)
0/246/53/(0, 255, 255)
0/246/53/(0, 255, 255)
0/246/53/(0, 255, 255)
0/246/53/(0, 255, 255)
0/246/53/(0, 255, 255)
0/246/53/(0, 255, 255)
0/246/53/(0, 255, 255)
0/246/53/(0, 255, 255)
0/246/53/(0, 255, 255)
0/246/53/(0, 255, 255)
0/246/53/(0, 255, 255)
0/246/53/(0, 255, 255)
0/246/53/(0, 255, 255)
0/246/53/(0, 255, 255)
0/246/53/(0, 255, 255)
0/246/53/(0, 255, 255)
0/246/53/(0, 255, 255)
0/246/53/(0, 255, 255)
0/246/53/(0, 255, 255)
0/246/53/(0, 255, 255)
0/246/53/(0, 255, 255)
0/246/53/(0, 255, 255)
0/246/53/(0, 255, 255)
0/246/53/(0, 255, 255)
0/246/53/(0, 255, 255)
0/246/53/(0, 255, 255)
0/246/53/(0, 255, 255)
0/246/53/(0, 255, 255)
0/246/53/(0, 255, 255)
0/246/53/(0, 255, 255)
0/246/53/(0, 255, 255)
0/246/53/(0, 255, 255)
0/246/53/(0, 255, 255)
0/246/53/(0, 255, 255)
0/246/53/(0, 255, 255)
0/246/53/(0, 255, 255)
0/246/53/(0, 255, 255)
0/246/53/(0, 255, 255)
0/246/53/(0, 255, 255)
0/246/53/(0, 255, 255)
0/246/53/(0, 255, 255)
0/246/53/(0, 255, 255)
0/246/53/(0, 255, 255)
0/246/53/(0, 255, 255)
0/246/53/(0, 255, 255)
0/246/53/(0, 255, 255)
0/246/53/(0, 255, 255)
0/246/53/(0, 255, 255)
0/246/53/(0, 255, 255)
10/183/53/(0, 255, 255)
16/182/53/(0, 255, 255)
17/181/53/(0, 255, 255)
17/181/53/(0, 255, 255)
17/181/53/(0, 255, 255)
17/181/53/(0, 255, 255)
17/181/53/(0, 255, 255)
18/181/53/(0, 255, 255)
23/179/53/(0, 255, 255)
24/179/53/(0, 255, 255)
27/177/53/(0, 255, 255)
27/177/53/(0, 255, 255)
27/177/53/(0, 255, 255)
30/175/53/(0, 255, 255)
31/174/53/(0, 255, 255)
33/173/53/(0, 255, 255)
33/173/53/(0, 255, 255)
33/173/53/(0, 255, 255)
34/173/53/(0, 255, 255)
34/173/53/(0, 255, 255)
35/172/53/(0, 255, 255)
35/172/53/(0, 255, 255)
35/172/53/(0, 255, 255)
35/172/53/(0, 255, 255)
35/172/53/(0, 255, 255)
35/172/53/(0, 255, 255)
35/172/53/(0, 255, 255)
35/172/53/(0, 255, 255)
41/169/53/(0, 255, 255)
43/169/53/(0, 255, 255)
62/165/53/(0, 255, 255)
77/161/53/(0, 255, 255)
113/154/53/(0, 255, 255)
129/151/53/(0, 255, 255)
142/147/53/(0, 255, 255)
163/143/53/(0, 255, 255)
173/141/53/(0, 255, 255)
187/137/53/(0, 255, 255)
199/135/53/(0, 255, 255)
206/134/53/(0, 255, 255)
223/130/53/(0, 255, 255)
233/128/53/(0, 255, 255)
243/128/53/(0, 255, 255)
266/126/53/(0, 255, 255)
286/125/53/(0, 255, 255)
296/123/53/(0, 255, 255)
305/122/53/(0, 255, 255)
321/121/53/(0, 255, 255)
328/120/53/(0, 255, 255)
342/118/53/(0, 255, 255)
350/118/53/(0, 255, 255)
367/118/53/(0, 255, 255)
388/118/53/(0, 255, 255)
399/118/53/(0, 255, 255)
419/116/53/(0, 255, 255)
437/114/53/(0, 255, 255)
453/112/53/(0, 255, 255)
463/110/53/(0, 255, 255)
480/107/53/(0, 255, 255)
489/106/53/(0, 255, 255)
502/104/53/(0, 255, 255)
514/102/53/(0, 255, 255)
519/101/53/(0, 255, 255)
519/101/53/(0, 255, 255)
521/101/53/(0, 255, 255)
522/101/53/(0, 255, 255)
524/99/53/(0, 255, 255)
526/99/53/(0, 255, 255)
532/98/53/(0, 255, 255)
536/97/53/(0, 255, 255)
545/93/53/(0, 255, 255)
548/93/53/(0, 255, 255)
551/90/53/(0, 255, 255)
552/90/53/(0, 255, 255)
554/89/53/(0, 255, 255)
554/88/53/(0, 255, 255)
559/86/53/(0, 255, 255)
562/83/53/(0, 255, 255)
566/82/53/(0, 255, 255)
567/81/53/(0, 255, 255)
567/81/53/(0, 255, 255)
567/81/53/(0, 255, 255)
567/81/53/(0, 255, 255)
567/80/53/(0, 255, 255)
568/80/53/(0, 255, 255)
569/80/53/(0, 255, 255)
570/80/53/(0, 255, 255)
571/80/53/(0, 255, 255)
571/80/53/(0, 255, 255)
573/80/53/(0, 255, 255)
573/80/53/(0, 255, 255)
574/80/53/(0, 255, 255)
577/80/53/(0, 255, 255)
579/80/53/(0, 255, 255)
581/80/53/(0, 255, 255)
582/79/53/(0, 255, 255)
582/79/53/(0, 255, 255)
582/79/53/(0, 255, 255)
583/78/53/(0, 255, 255)
583/78/53/(0, 255, 255)
584/76/53/(0, 255, 255)
584/75/53/(0, 255, 255)
585/71/53/(0, 255, 255)
585/69/53/(0, 255, 255)
586/66/53/(0, 255, 255)
586/60/53/(0, 255, 255)
586/55/53/(0, 255, 255)
586/47/53/(0, 255, 255)
586/43/53/(0, 255, 255)
586/37/53/(0, 255, 255)
586/32/53/(0, 255, 255)
585/23/53/(0, 255, 255)
585/21/53/(0, 255, 255)
585/17/53/(0, 255, 255)
584/12/53/(0, 255, 255)
584/10/53/(0, 255, 255)
583/7/53/(0, 255, 255)
583/7/53/(0, 255, 255)
583/6/53/(0, 255, 255)
583/6/53/(0, 255, 255)
583/6/53/(0, 255, 255)
583/6/53/(0, 255, 255)
583/6/53/(0, 255, 255)
583/6/53/(0, 255, 255)
583/6/53/(0, 255, 255)
583/6/53/(0, 255, 255)
583/6/53/(0, 255, 255)
583/6/53/(0, 255, 255)
583/6/53/(0, 255, 255)
583/6/53/(0, 255, 255)
582/6/53/(0, 255, 255)
577/6/53/(0, 255, 255)
574/6/53/(0, 255, 255)
566/6/53/(0, 255, 255)
560/6/53/(0, 255, 255)
538/6/53/(0, 255, 255)
525/7/53/(0, 255, 255)
502/10/53/(0, 255, 255)
493/11/53/(0, 255, 255)
486/13/53/(0, 255, 255)
485/13/53/(0, 255, 255)
483/14/53/(0, 255, 255)
483/14/53/(0, 255, 255)
483/14/53/(0, 255, 255)
482/16/53/(0, 255, 255)
479/18/53/(0, 255, 255)
478/18/53/(0, 255, 255)
475/22/53/(0, 255, 255)
475/22/53/(0, 255, 255)
474/24/53/(0, 255, 255)
474/24/53/(0, 255, 255)
474/25/53/(0, 255, 255)
474/25/53/(0, 255, 255)
474/25/53/(0, 255, 255)
474/25/53/(0, 255, 255)
474/25/53/(0, 255, 255)
474/25/53/(0, 255, 255)
474/25/53/(0, 255, 255)
474/25/53/(0, 255, 255)
474/25/53/(0, 255, 255)
474/25/53/(0, 255, 255)
474/25/53/(0, 255, 255)
472/27/53/(0, 255, 255)
469/27/53/(0, 255, 255)
465/27/53/(0, 255, 255)
462/27/53/(0, 255, 255)
452/27/53/(0, 255, 255)
449/27/53/(0, 255, 255)
435/27/53/(0, 255, 255)
424/27/53/(0, 255, 255)
406/27/53/(0, 255, 255)
397/27/53/(0, 255, 255)
382/27/53/(0, 255, 255)
380/27/53/(0, 255, 255)
377/27/53/(0, 255, 255)
377/27/53/(0, 255, 255)
375/27/53/(0, 255, 255)
374/27/53/(0, 255, 255)
368/27/53/(0, 255, 255)
364/27/53/(0, 255, 255)
356/29/53/(0, 255, 255)
353/29/53/(0, 255, 255)
342/31/53/(0, 255, 255)
336/32/53/(0, 255, 255)
318/33/53/(0, 255, 255)
309/34/53/(0, 255, 255)
294/35/53/(0, 255, 255)
287/35/53/(0, 255, 255)
277/37/53/(0, 255, 255)
271/38/53/(0, 255, 255)
260/39/53/(0, 255, 255)
256/39/53/(0, 255, 255)
245/41/53/(0, 255, 255)
237/42/53/(0, 255, 255)
217/44/53/(0, 255, 255)
206/45/53/(0, 255, 255)
187/47/53/(0, 255, 255)
180/48/53/(0, 255, 255)
172/49/53/(0, 255, 255)
171/49/53/(0, 255, 255)
167/50/53/(0, 255, 255)
165/50/53/(0, 255, 255)
156/50/53/(0, 255, 255)
152/51/53/(0, 255, 255)
141/53/53/(0, 255, 255)
138/53/53/(0, 255, 255)
129/55/53/(0, 255, 255)
125/56/53/(0, 255, 255)
123/56/53/(0, 255, 255)
123/56/53/(0, 255, 255)
123/56/53/(0, 255, 255)
123/56/53/(0, 255, 255)
122/57/53/(0, 255, 255)
119/59/53/(0, 255, 255)
115/61/53/(0, 255, 255)
107/65/53/(0, 255, 255)
104/67/53/(0, 255, 255)
101/69/53/(0, 255, 255)
99/70/53/(0, 255, 255)
95/74/53/(0, 255, 255)
94/74/53/(0, 255, 255)
91/77/53/(0, 255, 255)
88/78/53/(0, 255, 255)
84/81/53/(0, 255, 255)
80/84/53/(0, 255, 255)
72/88/53/(0, 255, 255)
66/90/53/(0, 255, 255)
58/92/53/(0, 255, 255)
47/93/53/(0, 255, 255)
42/93/53/(0, 255, 255)
34/93/53/(0, 255, 255)
29/93/53/(0, 255, 255)
22/93/53/(0, 255, 255)
18/92/53/(0, 255, 255)
18/91/53/(0, 255, 255)
16/91/53/(0, 255, 255)
15/90/53/(0, 255, 255)
12/86/53/(0, 255, 255)
11/85/53/(0, 255, 255)
9/83/53/(0, 255, 255)
8/82/53/(0, 255, 255)
6/80/53/(0, 255, 255)
6/80/53/(0, 255, 255)
6/79/53/(0, 255, 255)
4/75/53/(0, 255, 255)
4/73/53/(0, 255, 255)
2/69/53/(0, 255, 255)
1/67/53/(0, 255, 255)
1/63/53/(0, 255, 255)
1/62/53/(0, 255, 255)
0/59/53/(0, 255, 255)
0/56/53/(0, 255, 255)
0/55/53/(0, 255, 255)
0/53/53/(0, 255, 255)
2/49/53/(0, 255, 255)
5/45/53/(0, 255, 255)
6/43/53/(0, 255, 255)
8/40/53/(0, 255, 255)
12/36/53/(0, 255, 255)
13/34/53/(0, 255, 255)
16/30/53/(0, 255, 255)
19/28/53/(0, 255, 255)
25/23/53/(0, 255, 255)
26/21/53/(0, 255, 255)
29/19/53/(0, 255, 255)
29/18/53/(0, 255, 255)
31/17/53/(0, 255, 255)
37/14/53/(0, 255, 255)
40/13/53/(0, 255, 255)
49/10/53/(0, 255, 255)
51/10/53/(0, 255, 255)
57/10/53/(0, 255, 255)
61/9/53/(0, 255, 255)
66/9/53/(0, 255, 255)
71/9/53/(0, 255, 255)
73/9/53/(0, 255, 255)
81/9/53/(0, 255, 255)
85/9/53/(0, 255, 255)
90/9/53/(0, 255, 255)
91/9/53/(0, 255, 255)
91/9/53/(0, 255, 255)
91/9/53/(0, 255, 255)
93/9/53/(0, 255, 255)
99/9/53/(0, 255, 255)
102/9/53/(0, 255, 255)
116/9/53/(0, 255, 255)
137/9/53/(0, 255, 255)
146/9/53/(0, 255, 255)
158/9/53/(0, 255, 255)
159/9/53/(0, 255, 255)
159/9/53/(0, 255, 255)
159/9/53/(0, 255, 255)
159/9/53/(0, 255, 255)
159/9/53/(0, 255, 255)
159/9/53/(0, 255, 255)
159/9/53/(0, 255, 255)
159/9/53/(0, 255, 255)
159/9/53/(0, 255, 255)
159/9/53/(0, 255, 255)
159/9/53/(0, 255, 255)
159/9/53/(0, 255, 255)
159/9/53/(0, 255, 255)
159/9/53/(0, 255, 255)
159/9/53/(0, 255, 255)
159/9/53/(0, 255, 255)
159/9/53/(0, 255, 255)
159/9/53/(0, 255, 255)
159/9/53/(0, 255, 255)
159/9/53/(0, 255, 255)
159/9/53/(0, 255, 255)
159/9/53/(0, 255, 255)
473/81/56/(255, 255, 0)
473/81/56/(255, 255, 0)
473/81/56/(255, 255, 0)
473/81/56/(255, 255, 0)
473/81/56/(255, 255, 0)
473/81/56/(255, 255, 0)
473/81/56/(255, 255, 0)
473/81/56/(255, 255, 0)
473/81/56/(255, 255, 0)
422/135/17/(255, 255, 0)
422/135/17/(255, 255, 0)
422/135/17/(255, 255, 0)
422/136/17/(255, 255, 0)
420/138/17/(255, 255, 0)
417/139/17/(255, 255, 0)
413/142/17/(255, 255, 0)
412/143/17/(255, 255, 0)
411/144/17/(255, 255, 0)
410/145/17/(255, 255, 0)
410/146/17/(255, 255, 0)
410/146/17/(255, 255, 0)
410/146/17/(255, 255, 0)
410/146/17/(255, 255, 0)
410/146/17/(255, 255, 0)
410/146/17/(255, 255, 0)
410/146/17/(255, 255, 0)
410/146/17/(255, 255, 0)
410/146/17/(255, 255, 0)
410/146/17/(255, 255, 0)
410/146/17/(255, 255, 0)
410/146/17/(255, 255, 0)
410/146/17/(255, 255, 0)
401/70/17/(255, 255, 0)
401/70/17/(255, 255, 0)
399/69/17/(255, 255, 0)
392/67/17/(255, 255, 0)
382/67/17/(255, 255, 0)
379/67/17/(255, 255, 0)
374/67/17/(255, 255, 0)
374/67/17/(255, 255, 0)
374/67/17/(255, 255, 0)
374/67/17/(255, 255, 0)
374/67/17/(255, 255, 0)
374/67/17/(255, 255, 0)
374/67/17/(255, 255, 0)
374/67/17/(255, 255, 0)
510/154/17/(255, 255, 0)
510/156/17/(255, 255, 0)
510/157/17/(255, 255, 0)
512/159/17/(255, 255, 0)
512/159/17/(255, 255, 0)
512/160/17/(255, 255, 0)
512/160/17/(255, 255, 0)
512/160/17/(255, 255, 0)
512/160/17/(255, 255, 0)
512/160/17/(255, 255, 0)
512/161/17/(255, 255, 0)
513/162/17/(255, 255, 0)
513/162/17/(255, 255, 0)
535/107/17/(255, 255, 0)
537/108/17/(255, 255, 0)
537/109/17/(255, 255, 0)
539/112/17/(255, 255, 0)
541/114/17/(255, 255, 0)
541/114/17/(255, 255, 0)
541/114/17/(255, 255, 0)
541/114/17/(255, 255, 0)
541/114/17/(255, 255, 0)
541/114/17/(255, 255, 0)
541/114/17/(255, 255, 0)
543/114/17/(255, 255, 0)
544/114/17/(255, 255, 0)
545/114/17/(255, 255, 0)
528/36/17/(255, 255, 0)
528/36/17/(255, 255, 0)
528/36/17/(255, 255, 0)
528/36/17/(255, 255, 0)
529/35/17/(255, 255, 0)
529/35/17/(255, 255, 0)
531/34/17/(255, 255, 0)
533/31/17/(255, 255, 0)
535/31/17/(255, 255, 0)
542/25/17/(255, 255, 0)
552/19/17/(255, 255, 0)
558/18/17/(255, 255, 0)
562/16/17/(255, 255, 0)
562/16/17/(255, 255, 0)
562/16/17/(255, 255, 0)
562/16/17/(255, 255, 0)
562/16/17/(255, 255, 0)
562/16/17/(255, 255, 0)
562/16/17/(255, 255, 0)
428/25/17/(255, 255, 0)
428/25/17/(255, 255, 0)
428/25/17/(255, 255, 0)
428/25/17/(255, 255, 0)
428/25/17/(255, 255, 0)
425/25/17/(255, 255, 0)
422/23/17/(255, 255, 0)
420/21/17/(255, 255, 0)
418/19/17/(255, 255, 0)
417/19/17/(255, 255, 0)
417/19/17/(255, 255, 0)
416/18/17/(255, 255, 0)
416/18/17/(255, 255, 0)
416/18/17/(255, 255, 0)
416/18/17/(255, 255, 0)
416/18/17/(255, 255, 0)
414/18/17/(255, 255, 0)
414/18/17/(255, 255, 0)
414/18/17/(255, 255, 0)
414/18/17/(255, 255, 0)
414/18/17/(255, 255, 0)
414/18/17/(255, 255, 0)
414/18/17/(255, 255, 0)
414/18/17/(255, 255, 0)
414/18/17/(255, 255, 0)
414/18/17/(255, 255, 0)
414/18/17/(255, 255, 0)
414/18/17/(255, 255, 0)
209/292/19/(0, 0, 0)
209/292/19/(0, 0, 0)
209/292/19/(0, 0, 0)
209/292/19/(0, 0, 0)
209/295/19/(0, 0, 0)
210/300/19/(0, 0, 0)
211/310/19/(0, 0, 0)
212/326/19/(0, 0, 0)
213/332/19/(0, 0, 0)
215/343/19/(0, 0, 0)
215/352/19/(0, 0, 0)
216/357/19/(0, 0, 0)
216/362/19/(0, 0, 0)
216/365/19/(0, 0, 0)
216/373/19/(0, 0, 0)
217/383/19/(0, 0, 0)
217/387/19/(0, 0, 0)
217/395/19/(0, 0, 0)
218/404/19/(0, 0, 0)
219/409/19/(0, 0, 0)
220/427/19/(0, 0, 0)
220/437/19/(0, 0, 0)
220/457/19/(0, 0, 0)
220/467/19/(0, 0, 0)
220/468/19/(0, 0, 0)
221/474/19/(0, 0, 0)
222/476/19/(0, 0, 0)
222/477/19/(0, 0, 0)
222/478/19/(0, 0, 0)
222/480/19/(0, 0, 0)
224/485/19/(0, 0, 0)
224/488/19/(0, 0, 0)
224/488/19/(0, 0, 0)
224/488/19/(0, 0, 0)
224/488/19/(0, 0, 0)
226/490/19/(0, 0, 0)
226/491/19/(0, 0, 0)
226/492/19/(0, 0, 0)
226/492/19/(0, 0, 0)
226/492/19/(0, 0, 0)
226/492/19/(0, 0, 0)
226/492/19/(0, 0, 0)
226/492/19/(0, 0, 0)
226/491/19/(0, 0, 0)
225/289/19/(0, 0, 0)
225/289/19/(0, 0, 0)
225/289/19/(0, 0, 0)
225/289/19/(0, 0, 0)
225/289/19/(0, 0, 0)
225/289/19/(0, 0, 0)
225/288/19/(0, 0, 0)
227/288/19/(0, 0, 0)
233/288/19/(0, 0, 0)
237/288/19/(0, 0, 0)
239/288/19/(0, 0, 0)
241/288/19/(0, 0, 0)
243/288/19/(0, 0, 0)
243/288/19/(0, 0, 0)
243/288/19/(0, 0, 0)
243/288/19/(0, 0, 0)
246/288/19/(0, 0, 0)
249/288/19/(0, 0, 0)
253/288/19/(0, 0, 0)
264/288/19/(0, 0, 0)
271/288/19/(0, 0, 0)
276/288/19/(0, 0, 0)
293/287/19/(0, 0, 0)
302/286/19/(0, 0, 0)
318/285/19/(0, 0, 0)
333/284/19/(0, 0, 0)
339/283/19/(0, 0, 0)
348/282/19/(0, 0, 0)
357/281/19/(0, 0, 0)
361/281/19/(0, 0, 0)
371/281/19/(0, 0, 0)
383/281/19/(0, 0, 0)
391/281/19/(0, 0, 0)
409/281/19/(0, 0, 0)
431/280/19/(0, 0, 0)
440/279/19/(0, 0, 0)
454/279/19/(0, 0, 0)
459/278/19/(0, 0, 0)
472/276/19/(0, 0, 0)
483/276/19/(0, 0, 0)
487/276/19/(0, 0, 0)
489/276/19/(0, 0, 0)
489/276/19/(0, 0, 0)
489/276/19/(0, 0, 0)
489/276/19/(0, 0, 0)
489/276/19/(0, 0, 0)
489/276/19/(0, 0, 0)
489/276/19/(0, 0, 0)
489/276/19/(0, 0, 0)
489/276/19/(0, 0, 0)
489/276/19/(0, 0, 0)
489/276/19/(0, 0, 0)
489/276/19/(0, 0, 0)
489/276/19/(0, 0, 0)
489/276/19/(0, 0, 0)
489/276/19/(0, 0, 0)
489/276/19/(0, 0, 0)
489/276/19/(0, 0, 0)
489/276/19/(0, 0, 0)
489/276/19/(0, 0, 0)
489/276/19/(0, 0, 0)
491/278/19/(0, 0, 0)
491/281/19/(0, 0, 0)
491/288/19/(0, 0, 0)
492/294/19/(0, 0, 0)
493/298/19/(0, 0, 0)
493/307/19/(0, 0, 0)
493/317/19/(0, 0, 0)
493/321/19/(0, 0, 0)
493/331/19/(0, 0, 0)
493/337/19/(0, 0, 0)
493/341/19/(0, 0, 0)
493/347/19/(0, 0, 0)
493/354/19/(0, 0, 0)
493/357/19/(0, 0, 0)
493/362/19/(0, 0, 0)
493/370/19/(0, 0, 0)
493/377/19/(0, 0, 0)
494/386/19/(0, 0, 0)
494/395/19/(0, 0, 0)
494/404/19/(0, 0, 0)
494/408/19/(0, 0, 0)
494/416/19/(0, 0, 0)
494/425/19/(0, 0, 0)
494/433/19/(0, 0, 0)
494/437/19/(0, 0, 0)
494/443/19/(0, 0, 0)
495/450/19/(0, 0, 0)
495/452/19/(0, 0, 0)
496/457/19/(0, 0, 0)
496/465/19/(0, 0, 0)
496/469/19/(0, 0, 0)
496/476/19/(0, 0, 0)
496/480/19/(0, 0, 0)
496/487/19/(0, 0, 0)
496/494/19/(0, 0, 0)
496/497/19/(0, 0, 0)
496/502/19/(0, 0, 0)
496/503/19/(0, 0, 0)
496/504/19/(0, 0, 0)
496/504/19/(0, 0, 0)
496/504/19/(0, 0, 0)
496/504/19/(0, 0, 0)
496/504/19/(0, 0, 0)
496/504/19/(0, 0, 0)
496/504/19/(0, 0, 0)
496/504/19/(0, 0, 0)
496/504/19/(0, 0, 0)
496/504/19/(0, 0, 0)
496/504/19/(0, 0, 0)
496/504/19/(0, 0, 0)
496/504/19/(0, 0, 0)
496/504/19/(0, 0, 0)
496/504/19/(0, 0, 0)
496/505/19/(0, 0, 0)
491/507/19/(0, 0, 0)
481/508/19/(0, 0, 0)
476/510/19/(0, 0, 0)
466/510/19/(0, 0, 0)
455/510/19/(0, 0, 0)
453/510/19/(0, 0, 0)
440/510/19/(0, 0, 0)
424/510/19/(0, 0, 0)
414/510/19/(0, 0, 0)
397/510/19/(0, 0, 0)
382/510/19/(0, 0, 0)
377/510/19/(0, 0, 0)
367/510/19/(0, 0, 0)
367/510/19/(0, 0, 0)
365/510/19/(0, 0, 0)
363/510/19/(0, 0, 0)
359/510/19/(0, 0, 0)
352/510/19/(0, 0, 0)
347/509/19/(0, 0, 0)
339/509/19/(0, 0, 0)
326/508/19/(0, 0, 0)
317/508/19/(0, 0, 0)
314/508/19/(0, 0, 0)
311/508/19/(0, 0, 0)
309/507/19/(0, 0, 0)
303/506/19/(0, 0, 0)
294/506/19/(0, 0, 0)
285/506/19/(0, 0, 0)
280/506/19/(0, 0, 0)
278/506/19/(0, 0, 0)
274/506/19/(0, 0, 0)
269/505/19/(0, 0, 0)
264/504/19/(0, 0, 0)
258/503/19/(0, 0, 0)
250/501/19/(0, 0, 0)
244/501/19/(0, 0, 0)
242/500/19/(0, 0, 0)
240/499/19/(0, 0, 0)
239/499/19/(0, 0, 0)
238/499/19/(0, 0, 0)
236/499/19/(0, 0, 0)
232/497/19/(0, 0, 0)
230/497/19/(0, 0, 0)
230/497/19/(0, 0, 0)
230/497/19/(0, 0, 0)
229/497/19/(0, 0, 0)
229/497/19/(0, 0, 0)
226/497/19/(0, 0, 0)
225/497/19/(0, 0, 0)
225/497/19/(0, 0, 0)
224/497/19/(0, 0, 0)
224/497/19/(0, 0, 0)
224/497/19/(0, 0, 0)
224/497/19/(0, 0, 0)
224/497/19/(0, 0, 0)
224/497/19/(0, 0, 0)
224/497/19/(0, 0, 0)
224/497/19/(0, 0, 0)
224/497/19/(0, 0, 0)
224/497/19/(0, 0, 0)
302/478/19/(0, 0, 0)
302/478/19/(0, 0, 0)
302/478/19/(0, 0, 0)
302/478/19/(0, 0, 0)
302/478/19/(0, 0, 0)
302/478/19/(0, 0, 0)
302/478/19/(0, 0, 0)
302/478/19/(0, 0, 0)
303/473/19/(0, 0, 0)
303/469/19/(0, 0, 0)
303/464/19/(0, 0, 0)
305/456/19/(0, 0, 0)
306/447/19/(0, 0, 0)
306/440/19/(0, 0, 0)
307/436/19/(0, 0, 0)
307/435/19/(0, 0, 0)
307/433/19/(0, 0, 0)
307/433/19/(0, 0, 0)
307/433/19/(0, 0, 0)
307/432/19/(0, 0, 0)
307/431/19/(0, 0, 0)
307/429/19/(0, 0, 0)
307/427/19/(0, 0, 0)
307/426/19/(0, 0, 0)
307/424/19/(0, 0, 0)
307/423/19/(0, 0, 0)
307/420/19/(0, 0, 0)
307/416/19/(0, 0, 0)
307/413/19/(0, 0, 0)
307/413/19/(0, 0, 0)
307/413/19/(0, 0, 0)
307/413/19/(0, 0, 0)
307/413/19/(0, 0, 0)
307/413/19/(0, 0, 0)
307/413/19/(0, 0, 0)
307/413/19/(0, 0, 0)
307/413/19/(0, 0, 0)
307/413/19/(0, 0, 0)
307/413/19/(0, 0, 0)
311/412/19/(0, 0, 0)
316/412/19/(0, 0, 0)
320/412/19/(0, 0, 0)
323/412/19/(0, 0, 0)
329/412/19/(0, 0, 0)
336/412/19/(0, 0, 0)
338/412/19/(0, 0, 0)
342/412/19/(0, 0, 0)
344/412/19/(0, 0, 0)
349/412/19/(0, 0, 0)
361/412/19/(0, 0, 0)
368/411/19/(0, 0, 0)
370/411/19/(0, 0, 0)
372/411/19/(0, 0, 0)
373/411/19/(0, 0, 0)
373/411/19/(0, 0, 0)
373/411/19/(0, 0, 0)
373/411/19/(0, 0, 0)
373/411/19/(0, 0, 0)
373/411/19/(0, 0, 0)
373/411/19/(0, 0, 0)
373/411/19/(0, 0, 0)
373/411/19/(0, 0, 0)
373/411/19/(0, 0, 0)
373/411/19/(0, 0, 0)
373/411/19/(0, 0, 0)
373/411/19/(0, 0, 0)
373/411/19/(0, 0, 0)
373/411/19/(0, 0, 0)
374/411/19/(0, 0, 0)
374/411/19/(0, 0, 0)
375/411/19/(0, 0, 0)
375/411/19/(0, 0, 0)
375/411/19/(0, 0, 0)
375/411/19/(0, 0, 0)
377/411/19/(0, 0, 0)
378/413/19/(0, 0, 0)
379/415/19/(0, 0, 0)
379/419/19/(0, 0, 0)
379/425/19/(0, 0, 0)
379/427/19/(0, 0, 0)
379/436/19/(0, 0, 0)
379/447/19/(0, 0, 0)
379/451/19/(0, 0, 0)
379/454/19/(0, 0, 0)
379/460/19/(0, 0, 0)
379/464/19/(0, 0, 0)
379/467/19/(0, 0, 0)
379/471/19/(0, 0, 0)
379/474/19/(0, 0, 0)
379/475/19/(0, 0, 0)
379/477/19/(0, 0, 0)
379/478/19/(0, 0, 0)
379/480/19/(0, 0, 0)
379/481/19/(0, 0, 0)
379/484/19/(0, 0, 0)
379/486/19/(0, 0, 0)
379/487/19/(0, 0, 0)
380/489/19/(0, 0, 0)
380/490/19/(0, 0, 0)
381/492/19/(0, 0, 0)
381/492/19/(0, 0, 0)
381/494/19/(0, 0, 0)
381/494/19/(0, 0, 0)
381/495/19/(0, 0, 0)
381/495/19/(0, 0, 0)
381/495/19/(0, 0, 0)
381/495/19/(0, 0, 0)
381/495/19/(0, 0, 0)
381/495/19/(0, 0, 0)
381/495/19/(0, 0, 0)
381/495/19/(0, 0, 0)
381/495/19/(0, 0, 0)
207/275/19/(0, 0, 0)
207/275/19/(0, 0, 0)
207/275/19/(0, 0, 0)
207/275/19/(0, 0, 0)
207/275/19/(0, 0, 0)
207/275/19/(0, 0, 0)
207/275/19/(0, 0, 0)
207/275/19/(0, 0, 0)
209/272/19/(0, 0, 0)
211/271/19/(0, 0, 0)
217/266/19/(0, 0, 0)
219/263/19/(0, 0, 0)
225/259/19/(0, 0, 0)
231/253/19/(0, 0, 0)
236/247/19/(0, 0, 0)
238/245/19/(0, 0, 0)
244/238/19/(0, 0, 0)
246/236/19/(0, 0, 0)
252/232/19/(0, 0, 0)
261/224/19/(0, 0, 0)
267/219/19/(0, 0, 0)
272/214/19/(0, 0, 0)
278/208/19/(0, 0, 0)
283/205/19/(0, 0, 0)
287/202/19/(0, 0, 0)
291/199/19/(0, 0, 0)
294/195/19/(0, 0, 0)
299/191/19/(0, 0, 0)
300/190/19/(0, 0, 0)
304/186/19/(0, 0, 0)
305/185/19/(0, 0, 0)
309/183/19/(0, 0, 0)
309/183/19/(0, 0, 0)
312/181/19/(0, 0, 0)
315/178/19/(0, 0, 0)
316/178/19/(0, 0, 0)
317/177/19/(0, 0, 0)
318/177/19/(0, 0, 0)
318/177/19/(0, 0, 0)
318/177/19/(0, 0, 0)
318/177/19/(0, 0, 0)
319/175/19/(0, 0, 0)
320/174/19/(0, 0, 0)
322/173/19/(0, 0, 0)
322/173/19/(0, 0, 0)
323/172/19/(0, 0, 0)
324/170/19/(0, 0, 0)
324/169/19/(0, 0, 0)
325/169/19/(0, 0, 0)
325/169/19/(0, 0, 0)
325/169/19/(0, 0, 0)
325/169/19/(0, 0, 0)
325/169/19/(0, 0, 0)
325/169/19/(0, 0, 0)
325/169/19/(0, 0, 0)
325/169/19/(0, 0, 0)
325/169/19/(0, 0, 0)
325/169/19/(0, 0, 0)
326/168/19/(0, 0, 0)
327/168/19/(0, 0, 0)
327/168/19/(0, 0, 0)
330/169/19/(0, 0, 0)
333/170/19/(0, 0, 0)
336/171/19/(0, 0, 0)
337/172/19/(0, 0, 0)
342/174/19/(0, 0, 0)
346/176/19/(0, 0, 0)
348/177/19/(0, 0, 0)
350/178/19/(0, 0, 0)
352/179/19/(0, 0, 0)
355/182/19/(0, 0, 0)
357/184/19/(0, 0, 0)
360/186/19/(0, 0, 0)
360/186/19/(0, 0, 0)
362/188/19/(0, 0, 0)
364/191/19/(0, 0, 0)
365/192/19/(0, 0, 0)
368/196/19/(0, 0, 0)
369/198/19/(0, 0, 0)
371/200/19/(0, 0, 0)
372/201/19/(0, 0, 0)
373/203/19/(0, 0, 0)
374/204/19/(0, 0, 0)
376/206/19/(0, 0, 0)
378/208/19/(0, 0, 0)
382/211/19/(0, 0, 0)
384/213/19/(0, 0, 0)
385/214/19/(0, 0, 0)
386/215/19/(0, 0, 0)
387/216/19/(0, 0, 0)
389/217/19/(0, 0, 0)
389/217/19/(0, 0, 0)
392/218/19/(0, 0, 0)
394/219/19/(0, 0, 0)
400/222/19/(0, 0, 0)
405/224/19/(0, 0, 0)
407/225/19/(0, 0, 0)
410/225/19/(0, 0, 0)
411/225/19/(0, 0, 0)
412/226/19/(0, 0, 0)
413/227/19/(0, 0, 0)
414/227/19/(0, 0, 0)
416/227/19/(0, 0, 0)
419/229/19/(0, 0, 0)
422/231/19/(0, 0, 0)
427/233/19/(0, 0, 0)
431/235/19/(0, 0, 0)
434/236/19/(0, 0, 0)
438/238/19/(0, 0, 0)
440/239/19/(0, 0, 0)
442/242/19/(0, 0, 0)
443/243/19/(0, 0, 0)
447/246/19/(0, 0, 0)
455/251/19/(0, 0, 0)
464/258/19/(0, 0, 0)
473/261/19/(0, 0, 0)
477/265/19/(0, 0, 0)
480/268/19/(0, 0, 0)
486/273/19/(0, 0, 0)
492/279/19/(0, 0, 0)
497/284/19/(0, 0, 0)
499/287/19/(0, 0, 0)
499/287/19/(0, 0, 0)
499/287/19/(0, 0, 0)
499/287/19/(0, 0, 0)
499/287/19/(0, 0, 0)
500/288/19/(0, 0, 0)
500/288/19/(0, 0, 0)
500/288/19/(0, 0, 0)
500/288/19/(0, 0, 0)
500/288/19/(0, 0, 0)
500/288/19/(0, 0, 0)
500/288/19/(0, 0, 0)
500/288/19/(0, 0, 0)
499/288/19/(0, 0, 0)
464/308/25/(117, 76, 41)
464/308/25/(117, 76, 41)
465/310/25/(117, 76, 41)
465/311/25/(117, 76, 41)
466/313/25/(117, 76, 41)
466/316/25/(117, 76, 41)
466/320/25/(117, 76, 41)
466/326/25/(117, 76, 41)
466/333/25/(117, 76, 41)
466/337/25/(117, 76, 41)
466/344/25/(117, 76, 41)
466/349/25/(117, 76, 41)
466/350/25/(117, 76, 41)
466/355/25/(117, 76, 41)
466/360/25/(117, 76, 41)
466/366/25/(117, 76, 41)
466/369/25/(117, 76, 41)
466/373/25/(117, 76, 41)
466/375/25/(117, 76, 41)
466/377/25/(117, 76, 41)
467/381/25/(117, 76, 41)
468/385/25/(117, 76, 41)
469/392/25/(117, 76, 41)
469/396/25/(117, 76, 41)
470/405/25/(117, 76, 41)
471/411/25/(117, 76, 41)
473/417/25/(117, 76, 41)
474/422/25/(117, 76, 41)
474/429/25/(117, 76, 41)
474/434/25/(117, 76, 41)
474/440/25/(117, 76, 41)
474/450/25/(117, 76, 41)
474/460/25/(117, 76, 41)
474/462/25/(117, 76, 41)
474/466/25/(117, 76, 41)
474/469/25/(117, 76, 41)
474/472/25/(117, 76, 41)
474/474/25/(117, 76, 41)
474/480/25/(117, 76, 41)
474/487/25/(117, 76, 41)
474/492/25/(117, 76, 41)
474/492/25/(117, 76, 41)
474/492/25/(117, 76, 41)
474/492/25/(117, 76, 41)
474/492/25/(117, 76, 41)
474/492/25/(117, 76, 41)
474/492/25/(117, 76, 41)
474/492/25/(117, 76, 41)
474/492/25/(117, 76, 41)
474/492/25/(117, 76, 41)
474/492/25/(117, 76, 41)
474/493/25/(117, 76, 41)
473/493/25/(117, 76, 41)
472/493/25/(117, 76, 41)
471/493/25/(117, 76, 41)
469/493/25/(117, 76, 41)
467/493/25/(117, 76, 41)
464/493/25/(117, 76, 41)
463/492/25/(117, 76, 41)
461/492/25/(117, 76, 41)
460/492/25/(117, 76, 41)
458/491/25/(117, 76, 41)
453/490/25/(117, 76, 41)
450/490/25/(117, 76, 41)
450/490/25/(117, 76, 41)
449/490/25/(117, 76, 41)
449/490/25/(117, 76, 41)
444/489/25/(117, 76, 41)
438/489/25/(117, 76, 41)
435/489/25/(117, 76, 41)
435/489/25/(117, 76, 41)
435/489/25/(117, 76, 41)
435/489/25/(117, 76, 41)
434/489/25/(117, 76, 41)
428/488/25/(117, 76, 41)
425/488/25/(117, 76, 41)
423/488/25/(117, 76, 41)
422/488/25/(117, 76, 41)
422/488/25/(117, 76, 41)
422/488/25/(117, 76, 41)
422/488/25/(117, 76, 41)
420/488/25/(117, 76, 41)
418/488/25/(117, 76, 41)
416/488/25/(117, 76, 41)
416/488/25/(117, 76, 41)
416/488/25/(117, 76, 41)
416/488/25/(117, 76, 41)
415/488/25/(117, 76, 41)
415/488/25/(117, 76, 41)
415/488/25/(117, 76, 41)
415/488/25/(117, 76, 41)
415/488/25/(117, 76, 41)
415/488/25/(117, 76, 41)
415/488/25/(117, 76, 41)
415/488/25/(117, 76, 41)
414/487/25/(117, 76, 41)
413/484/25/(117, 76, 41)
413/478/25/(117, 76, 41)
413/472/25/(117, 76, 41)
413/468/25/(117, 76, 41)
413/464/25/(117, 76, 41)
413/462/25/(117, 76, 41)
413/457/25/(117, 76, 41)
413/451/25/(117, 76, 41)
413/444/25/(117, 76, 41)
413/442/25/(117, 76, 41)
413/440/25/(117, 76, 41)
413/439/25/(117, 76, 41)
413/439/25/(117, 76, 41)
413/439/25/(117, 76, 41)
413/439/25/(117, 76, 41)
413/439/25/(117, 76, 41)
413/439/25/(117, 76, 41)
413/439/25/(117, 76, 41)
413/439/25/(117, 76, 41)
413/439/25/(117, 76, 41)
413/439/25/(117, 76, 41)
415/438/25/(117, 76, 41)
417/438/25/(117, 76, 41)
423/438/25/(117, 76, 41)
427/438/25/(117, 76, 41)
435/438/25/(117, 76, 41)
439/438/25/(117, 76, 41)
442/438/25/(117, 76, 41)
442/438/25/(117, 76, 41)
442/438/25/(117, 76, 41)
442/439/25/(117, 76, 41)
445/441/25/(117, 76, 41)
446/442/25/(117, 76, 41)
447/444/25/(117, 76, 41)
447/445/25/(117, 76, 41)
447/446/25/(117, 76, 41)
448/450/25/(117, 76, 41)
449/455/25/(117, 76, 41)
449/458/25/(117, 76, 41)
449/464/25/(117, 76, 41)
449/468/25/(117, 76, 41)
449/469/25/(117, 76, 41)
449/469/25/(117, 76, 41)
449/469/25/(117, 76, 41)
449/469/25/(117, 76, 41)
449/469/25/(117, 76, 41)
449/469/25/(117, 76, 41)
449/469/25/(117, 76, 41)
449/470/25/(117, 76, 41)
448/470/25/(117, 76, 41)
446/468/25/(117, 76, 41)
443/463/25/(117, 76, 41)
443/457/25/(117, 76, 41)
442/453/25/(117, 76, 41)
441/443/25/(117, 76, 41)
441/434/25/(117, 76, 41)
441/425/25/(117, 76, 41)
441/420/25/(117, 76, 41)
441/416/25/(117, 76, 41)
441/410/25/(117, 76, 41)
441/409/25/(117, 76, 41)
441/408/25/(117, 76, 41)
441/408/25/(117, 76, 41)
441/408/25/(117, 76, 41)
441/408/25/(117, 76, 41)
441/408/25/(117, 76, 41)
441/408/25/(117, 76, 41)
441/408/25/(117, 76, 41)
440/407/25/(117, 76, 41)
440/407/25/(117, 76, 41)
440/407/25/(117, 76, 41)
438/407/25/(117, 76, 41)
431/407/25/(117, 76, 41)
428/405/25/(117, 76, 41)
419/405/25/(117, 76, 41)
418/405/25/(117, 76, 41)
417/405/25/(117, 76, 41)
417/405/25/(117, 76, 41)
416/405/25/(117, 76, 41)
415/404/25/(117, 76, 41)
414/404/25/(117, 76, 41)
414/404/25/(117, 76, 41)
413/404/25/(117, 76, 41)
412/403/25/(117, 76, 41)
410/402/25/(117, 76, 41)
410/402/25/(117, 76, 41)
409/402/25/(117, 76, 41)
409/402/25/(117, 76, 41)
409/402/25/(117, 76, 41)
408/402/25/(117, 76, 41)
407/402/25/(117, 76, 41)
407/402/25/(117, 76, 41)
407/402/25/(117, 76, 41)
407/402/25/(117, 76, 41)
406/403/25/(117, 76, 41)
405/404/25/(117, 76, 41)
405/404/25/(117, 76, 41)
405/404/25/(117, 76, 41)
405/404/25/(117, 76, 41)
405/404/25/(117, 76, 41)
405/404/25/(117, 76, 41)
405/404/25/(117, 76, 41)
405/404/25/(117, 76, 41)
406/400/25/(117, 76, 41)
408/396/25/(117, 76, 41)
410/391/25/(117, 76, 41)
412/387/25/(117, 76, 41)
415/382/25/(117, 76, 41)
417/380/25/(117, 76, 41)
418/378/25/(117, 76, 41)
421/375/25/(117, 76, 41)
421/375/25/(117, 76, 41)
423/374/25/(117, 76, 41)
423/373/25/(117, 76, 41)
425/372/25/(117, 76, 41)
425/371/25/(117, 76, 41)
427/370/25/(117, 76, 41)
429/367/25/(117, 76, 41)
431/365/25/(117, 76, 41)
432/363/25/(117, 76, 41)
433/362/25/(117, 76, 41)
434/360/25/(117, 76, 41)
436/357/25/(117, 76, 41)
437/355/25/(117, 76, 41)
439/351/25/(117, 76, 41)
440/349/25/(117, 76, 41)
440/347/25/(117, 76, 41)
441/343/25/(117, 76, 41)
441/341/25/(117, 76, 41)
441/338/25/(117, 76, 41)
441/337/25/(117, 76, 41)
441/333/25/(117, 76, 41)
441/331/25/(117, 76, 41)
440/327/25/(117, 76, 41)
439/324/25/(117, 76, 41)
439/323/25/(117, 76, 41)
437/320/25/(117, 76, 41)
437/319/25/(117, 76, 41)
436/318/25/(117, 76, 41)
436/318/25/(117, 76, 41)
436/317/25/(117, 76, 41)
436/317/25/(117, 76, 41)
436/317/25/(117, 76, 41)
435/316/25/(117, 76, 41)
435/316/25/(117, 76, 41)
435/316/25/(117, 76, 41)
435/316/25/(117, 76, 41)
435/316/25/(117, 76, 41)
435/316/25/(117, 76, 41)
435/316/25/(117, 76, 41)
434/315/25/(117, 76, 41)
431/315/25/(117, 76, 41)
428/315/25/(117, 76, 41)
424/315/25/(117, 76, 41)
420/315/25/(117, 76, 41)
415/315/25/(117, 76, 41)
413/315/25/(117, 76, 41)
406/315/25/(117, 76, 41)
401/315/25/(117, 76, 41)
396/315/25/(117, 76, 41)
392/315/25/(117, 76, 41)
391/315/25/(117, 76, 41)
388/315/25/(117, 76, 41)
384/317/25/(117, 76, 41)
379/317/25/(117, 76, 41)
374/318/25/(117, 76, 41)
369/319/25/(117, 76, 41)
366/320/25/(117, 76, 41)
363/320/25/(117, 76, 41)
359/320/25/(117, 76, 41)
354/320/25/(117, 76, 41)
351/320/25/(117, 76, 41)
348/320/25/(117, 76, 41)
343/320/25/(117, 76, 41)
341/321/25/(117, 76, 41)
337/321/25/(117, 76, 41)
333/321/25/(117, 76, 41)
330/321/25/(117, 76, 41)
328/321/25/(117, 76, 41)
324/321/25/(117, 76, 41)
320/321/25/(117, 76, 41)
315/321/25/(117, 76, 41)
313/321/25/(117, 76, 41)
309/321/25/(117, 76, 41)
307/321/25/(117, 76, 41)
303/321/25/(117, 76, 41)
299/321/25/(117, 76, 41)
295/321/25/(117, 76, 41)
294/321/25/(117, 76, 41)
292/321/25/(117, 76, 41)
289/321/25/(117, 76, 41)
286/321/25/(117, 76, 41)
283/321/25/(117, 76, 41)
280/321/25/(117, 76, 41)
278/321/25/(117, 76, 41)
276/321/25/(117, 76, 41)
272/321/25/(117, 76, 41)
271/321/25/(117, 76, 41)
270/321/25/(117, 76, 41)
268/321/25/(117, 76, 41)
266/321/25/(117, 76, 41)
264/321/25/(117, 76, 41)
262/321/25/(117, 76, 41)
260/321/25/(117, 76, 41)
260/321/25/(117, 76, 41)
256/321/25/(117, 76, 41)
252/321/25/(117, 76, 41)
247/321/25/(117, 76, 41)
246/321/25/(117, 76, 41)
242/321/25/(117, 76, 41)
242/321/25/(117, 76, 41)
240/321/25/(117, 76, 41)
239/321/25/(117, 76, 41)
238/321/25/(117, 76, 41)
238/321/25/(117, 76, 41)
238/321/25/(117, 76, 41)
238/321/25/(117, 76, 41)
238/321/25/(117, 76, 41)
238/321/25/(117, 76, 41)
238/321/25/(117, 76, 41)
237/321/25/(117, 76, 41)
236/321/25/(117, 76, 41)
236/321/25/(117, 76, 41)
236/321/25/(117, 76, 41)
236/321/25/(117, 76, 41)
236/321/25/(117, 76, 41)
236/321/25/(117, 76, 41)
236/321/25/(117, 76, 41)
236/322/25/(117, 76, 41)
236/322/25/(117, 76, 41)
236/323/25/(117, 76, 41)
237/325/25/(117, 76, 41)
237/327/25/(117, 76, 41)
238/329/25/(117, 76, 41)
240/330/25/(117, 76, 41)
240/332/25/(117, 76, 41)
242/336/25/(117, 76, 41)
243/338/25/(117, 76, 41)
244/340/25/(117, 76, 41)
244/341/25/(117, 76, 41)
245/342/25/(117, 76, 41)
245/344/25/(117, 76, 41)
246/347/25/(117, 76, 41)
247/351/25/(117, 76, 41)
247/352/25/(117, 76, 41)
247/355/25/(117, 76, 41)
248/357/25/(117, 76, 41)
248/362/25/(117, 76, 41)
248/366/25/(117, 76, 41)
248/371/25/(117, 76, 41)
248/377/25/(117, 76, 41)
248/380/25/(117, 76, 41)
248/384/25/(117, 76, 41)
248/388/25/(117, 76, 41)
248/392/25/(117, 76, 41)
248/396/25/(117, 76, 41)
247/399/25/(117, 76, 41)
246/404/25/(117, 76, 41)
246/410/25/(117, 76, 41)
246/416/25/(117, 76, 41)
245/420/25/(117, 76, 41)
245/422/25/(117, 76, 41)
245/425/25/(117, 76, 41)
245/427/25/(117, 76, 41)
245/431/25/(117, 76, 41)
245/432/25/(117, 76, 41)
245/434/25/(117, 76, 41)
245/437/25/(117, 76, 41)
245/442/25/(117, 76, 41)
245/446/25/(117, 76, 41)
246/450/25/(117, 76, 41)
247/455/25/(117, 76, 41)
247/459/25/(117, 76, 41)
247/460/25/(117, 76, 41)
247/463/25/(117, 76, 41)
247/464/25/(117, 76, 41)
247/466/25/(117, 76, 41)
248/467/25/(117, 76, 41)
248/468/25/(117, 76, 41)
248/470/25/(117, 76, 41)
249/473/25/(117, 76, 41)
249/476/25/(117, 76, 41)
249/476/25/(117, 76, 41)
249/476/25/(117, 76, 41)
249/477/25/(117, 76, 41)
250/477/25/(117, 76, 41)
250/479/25/(117, 76, 41)
251/480/25/(117, 76, 41)
251/481/25/(117, 76, 41)
251/481/25/(117, 76, 41)
251/481/25/(117, 76, 41)
251/481/25/(117, 76, 41)
251/481/25/(117, 76, 41)
251/481/25/(117, 76, 41)
251/481/25/(117, 76, 41)
252/482/25/(117, 76, 41)
253/483/25/(117, 76, 41)
254/483/25/(117, 76, 41)
254/483/25/(117, 76, 41)
255/483/25/(117, 76, 41)
257/483/25/(117, 76, 41)
261/483/25/(117, 76, 41)
262/483/25/(117, 76, 41)
272/481/25/(117, 76, 41)
277/481/25/(117, 76, 41)
277/481/25/(117, 76, 41)
278/480/25/(117, 76, 41)
278/480/25/(117, 76, 41)
278/480/25/(117, 76, 41)
278/480/25/(117, 76, 41)
278/480/25/(117, 76, 41)
278/480/25/(117, 76, 41)
277/480/25/(117, 76, 41)
277/479/25/(117, 76, 41)
276/479/25/(117, 76, 41)
275/478/25/(117, 76, 41)
274/477/25/(117, 76, 41)
274/475/25/(117, 76, 41)
272/473/25/(117, 76, 41)
272/470/25/(117, 76, 41)
272/470/25/(117, 76, 41)
272/467/25/(117, 76, 41)
272/463/25/(117, 76, 41)
272/459/25/(117, 76, 41)
272/455/25/(117, 76, 41)
272/449/25/(117, 76, 41)
272/447/25/(117, 76, 41)
272/442/25/(117, 76, 41)
272/436/25/(117, 76, 41)
272/433/25/(117, 76, 41)
272/429/25/(117, 76, 41)
272/426/25/(117, 76, 41)
272/424/25/(117, 76, 41)
272/420/25/(117, 76, 41)
272/417/25/(117, 76, 41)
272/414/25/(117, 76, 41)
273/411/25/(117, 76, 41)
273/410/25/(117, 76, 41)
273/407/25/(117, 76, 41)
273/404/25/(117, 76, 41)
273/399/25/(117, 76, 41)
273/397/25/(117, 76, 41)
273/396/25/(117, 76, 41)
273/395/25/(117, 76, 41)
273/394/25/(117, 76, 41)
273/392/25/(117, 76, 41)
273/391/25/(117, 76, 41)
273/389/25/(117, 76, 41)
273/389/25/(117, 76, 41)
273/387/25/(117, 76, 41)
273/386/25/(117, 76, 41)
273/384/25/(117, 76, 41)
273/383/25/(117, 76, 41)
273/380/25/(117, 76, 41)
273/378/25/(117, 76, 41)
273/375/25/(117, 76, 41)
274/374/25/(117, 76, 41)
274/372/25/(117, 76, 41)
274/370/25/(117, 76, 41)
274/369/25/(117, 76, 41)
274/368/25/(117, 76, 41)
274/367/25/(117, 76, 41)
274/365/25/(117, 76, 41)
274/365/25/(117, 76, 41)
274/365/25/(117, 76, 41)
274/365/25/(117, 76, 41)
274/365/25/(117, 76, 41)
274/364/25/(117, 76, 41)
274/364/25/(117, 76, 41)
274/364/25/(117, 76, 41)
274/363/25/(117, 76, 41)
274/362/25/(117, 76, 41)
275/361/25/(117, 76, 41)
275/359/25/(117, 76, 41)
276/359/25/(117, 76, 41)
276/358/25/(117, 76, 41)
276/358/25/(117, 76, 41)
278/357/25/(117, 76, 41)
279/357/25/(117, 76, 41)
280/357/25/(117, 76, 41)
281/357/25/(117, 76, 41)
284/357/25/(117, 76, 41)
288/357/25/(117, 76, 41)
292/357/25/(117, 76, 41)
297/357/25/(117, 76, 41)
299/357/25/(117, 76, 41)
301/357/25/(117, 76, 41)
305/357/25/(117, 76, 41)
310/357/25/(117, 76, 41)
316/357/25/(117, 76, 41)
318/357/25/(117, 76, 41)
320/357/25/(117, 76, 41)
324/357/25/(117, 76, 41)
328/357/25/(117, 76, 41)
331/357/25/(117, 76, 41)
337/356/25/(117, 76, 41)
339/356/25/(117, 76, 41)
342/356/25/(117, 76, 41)
346/356/25/(117, 76, 41)
347/356/25/(117, 76, 41)
350/355/25/(117, 76, 41)
352/355/25/(117, 76, 41)
357/354/25/(117, 76, 41)
359/354/25/(117, 76, 41)
367/354/25/(117, 76, 41)
369/354/25/(117, 76, 41)
370/353/25/(117, 76, 41)
370/353/25/(117, 76, 41)
372/353/25/(117, 76, 41)
375/353/25/(117, 76, 41)
380/352/25/(117, 76, 41)
383/350/25/(117, 76, 41)
389/350/25/(117, 76, 41)
390/350/25/(117, 76, 41)
390/350/25/(117, 76, 41)
391/350/25/(117, 76, 41)
393/349/25/(117, 76, 41)
396/349/25/(117, 76, 41)
396/349/25/(117, 76, 41)
397/349/25/(117, 76, 41)
398/349/25/(117, 76, 41)
399/348/25/(117, 76, 41)
400/348/25/(117, 76, 41)
401/348/25/(117, 76, 41)
402/348/25/(117, 76, 41)
403/348/25/(117, 76, 41)
403/348/25/(117, 76, 41)
403/348/25/(117, 76, 41)
403/348/25/(117, 76, 41)
404/348/25/(117, 76, 41)
404/348/25/(117, 76, 41)
406/349/25/(117, 76, 41)
406/351/25/(117, 76, 41)
406/352/25/(117, 76, 41)
406/355/25/(117, 76, 41)
406/359/25/(117, 76, 41)
406/359/25/(117, 76, 41)
406/362/25/(117, 76, 41)
406/364/25/(117, 76, 41)
406/365/25/(117, 76, 41)
406/367/25/(117, 76, 41)
406/367/25/(117, 76, 41)
406/367/25/(117, 76, 41)
405/368/25/(117, 76, 41)
405/368/25/(117, 76, 41)
405/368/25/(117, 76, 41)
403/368/25/(117, 76, 41)
401/368/25/(117, 76, 41)
400/368/25/(117, 76, 41)
396/368/25/(117, 76, 41)
393/368/25/(117, 76, 41)
391/368/25/(117, 76, 41)
387/369/25/(117, 76, 41)
382/369/25/(117, 76, 41)
379/369/25/(117, 76, 41)
374/370/25/(117, 76, 41)
370/371/25/(117, 76, 41)
367/371/25/(117, 76, 41)
366/371/25/(117, 76, 41)
361/372/25/(117, 76, 41)
356/374/25/(117, 76, 41)
353/374/25/(117, 76, 41)
351/374/25/(117, 76, 41)
346/375/25/(117, 76, 41)
344/376/25/(117, 76, 41)
342/376/25/(117, 76, 41)
341/376/25/(117, 76, 41)
338/376/25/(117, 76, 41)
333/377/25/(117, 76, 41)
330/378/25/(117, 76, 41)
326/378/25/(117, 76, 41)
325/378/25/(117, 76, 41)
322/379/25/(117, 76, 41)
319/379/25/(117, 76, 41)
317/379/25/(117, 76, 41)
312/380/25/(117, 76, 41)
308/380/25/(117, 76, 41)
305/380/25/(117, 76, 41)
302/380/25/(117, 76, 41)
302/380/25/(117, 76, 41)
302/380/25/(117, 76, 41)
302/380/25/(117, 76, 41)
302/380/25/(117, 76, 41)
302/380/25/(117, 76, 41)
301/380/25/(117, 76, 41)
300/380/25/(117, 76, 41)
299/380/25/(117, 76, 41)
299/380/25/(117, 76, 41)
299/380/25/(117, 76, 41)
298/380/25/(117, 76, 41)
298/380/25/(117, 76, 41)
298/380/25/(117, 76, 41)
298/380/25/(117, 76, 41)
298/380/25/(117, 76, 41)
298/380/25/(117, 76, 41)
298/380/25/(117, 76, 41)
298/380/25/(117, 76, 41)
298/380/25/(117, 76, 41)
298/380/25/(117, 76, 41)
333/437/22/(200, 200, 200)
333/437/22/(200, 200, 200)
333/437/22/(200, 200, 200)
333/437/22/(200, 200, 200)
333/437/22/(200, 200, 200)
333/437/22/(200, 200, 200)
333/437/22/(200, 200, 200)
331/440/22/(200, 200, 200)
331/446/22/(200, 200, 200)
329/452/22/(200, 200, 200)
328/459/22/(200, 200, 200)
328/464/22/(200, 200, 200)
327/468/22/(200, 200, 200)
326/470/22/(200, 200, 200)
326/472/22/(200, 200, 200)
326/472/22/(200, 200, 200)
326/473/22/(200, 200, 200)
326/473/22/(200, 200, 200)
326/476/22/(200, 200, 200)
325/478/22/(200, 200, 200)
325/481/22/(200, 200, 200)
324/483/22/(200, 200, 200)
324/483/22/(200, 200, 200)
324/483/22/(200, 200, 200)
324/483/22/(200, 200, 200)
324/483/22/(200, 200, 200)
324/483/22/(200, 200, 200)
324/483/22/(200, 200, 200)
324/483/22/(200, 200, 200)
324/483/22/(200, 200, 200)
324/483/22/(200, 200, 200)
324/483/22/(200, 200, 200)
324/483/22/(200, 200, 200)
324/484/22/(200, 200, 200)
324/484/22/(200, 200, 200)
327/485/22/(200, 200, 200)
328/485/22/(200, 200, 200)
330/485/22/(200, 200, 200)
331/485/22/(200, 200, 200)
335/485/22/(200, 200, 200)
343/482/22/(200, 200, 200)
349/480/22/(200, 200, 200)
354/480/22/(200, 200, 200)
356/478/22/(200, 200, 200)
358/478/22/(200, 200, 200)
359/478/22/(200, 200, 200)
361/478/22/(200, 200, 200)
364/478/22/(200, 200, 200)
365/478/22/(200, 200, 200)
365/478/22/(200, 200, 200)
365/478/22/(200, 200, 200)
366/478/22/(200, 200, 200)
366/478/22/(200, 200, 200)
366/478/22/(200, 200, 200)
367/477/22/(200, 200, 200)
367/477/22/(200, 200, 200)
367/475/22/(200, 200, 200)
367/473/22/(200, 200, 200)
367/470/22/(200, 200, 200)
366/468/22/(200, 200, 200)
366/467/22/(200, 200, 200)
365/464/22/(200, 200, 200)
364/462/22/(200, 200, 200)
363/461/22/(200, 200, 200)
363/460/22/(200, 200, 200)
362/458/22/(200, 200, 200)
362/457/22/(200, 200, 200)
362/454/22/(200, 200, 200)
362/453/22/(200, 200, 200)
361/449/22/(200, 200, 200)
361/446/22/(200, 200, 200)
360/444/22/(200, 200, 200)
360/442/22/(200, 200, 200)
360/439/22/(200, 200, 200)
360/437/22/(200, 200, 200)
360/434/22/(200, 200, 200)
360/433/22/(200, 200, 200)
360/430/22/(200, 200, 200)
360/428/22/(200, 200, 200)
360/427/22/(200, 200, 200)
360/426/22/(200, 200, 200)
360/424/22/(200, 200, 200)
360/422/22/(200, 200, 200)
360/421/22/(200, 200, 200)
360/419/22/(200, 200, 200)
361/418/22/(200, 200, 200)
361/418/22/(200, 200, 200)
361/418/22/(200, 200, 200)
361/418/22/(200, 200, 200)
361/418/22/(200, 200, 200)
361/418/22/(200, 200, 200)
361/417/22/(200, 200, 200)
361/417/22/(200, 200, 200)
361/417/22/(200, 200, 200)
361/417/22/(200, 200, 200)
361/417/22/(200, 200, 200)
361/417/22/(200, 200, 200)
359/415/22/(200, 200, 200)
357/415/22/(200, 200, 200)
351/414/22/(200, 200, 200)
338/414/22/(200, 200, 200)
333/414/22/(200, 200, 200)
331/414/22/(200, 200, 200)
327/414/22/(200, 200, 200)
324/414/22/(200, 200, 200)
321/415/22/(200, 200, 200)
320/415/22/(200, 200, 200)
318/415/22/(200, 200, 200)
317/415/22/(200, 200, 200)
317/415/22/(200, 200, 200)
315/416/22/(200, 200, 200)
315/416/22/(200, 200, 200)
314/416/22/(200, 200, 200)
312/416/22/(200, 200, 200)
308/416/22/(200, 200, 200)
306/417/22/(200, 200, 200)
306/417/22/(200, 200, 200)
304/418/22/(200, 200, 200)
304/418/22/(200, 200, 200)
304/418/22/(200, 200, 200)
304/418/22/(200, 200, 200)
304/418/22/(200, 200, 200)
304/418/22/(200, 200, 200)
304/418/22/(200, 200, 200)
304/418/22/(200, 200, 200)
304/418/22/(200, 200, 200)
305/419/22/(200, 200, 200)
305/420/22/(200, 200, 200)
307/423/22/(200, 200, 200)
308/427/22/(200, 200, 200)
308/428/22/(200, 200, 200)
309/430/22/(200, 200, 200)
310/433/22/(200, 200, 200)
311/435/22/(200, 200, 200)
311/437/22/(200, 200, 200)
312/443/22/(200, 200, 200)
312/445/22/(200, 200, 200)
312/448/22/(200, 200, 200)
312/449/22/(200, 200, 200)
312/453/22/(200, 200, 200)
312/454/22/(200, 200, 200)
312/457/22/(200, 200, 200)
311/460/22/(200, 200, 200)
309/465/22/(200, 200, 200)
309/467/22/(200, 200, 200)
308/469/22/(200, 200, 200)
307/471/22/(200, 200, 200)
307/473/22/(200, 200, 200)
306/476/22/(200, 200, 200)
306/479/22/(200, 200, 200)
306/481/22/(200, 200, 200)
306/483/22/(200, 200, 200)
306/486/22/(200, 200, 200)
306/486/22/(200, 200, 200)
306/486/22/(200, 200, 200)
306/487/22/(200, 200, 200)
306/489/22/(200, 200, 200)
307/490/22/(200, 200, 200)
308/490/22/(200, 200, 200)
311/492/22/(200, 200, 200)
317/492/22/(200, 200, 200)
324/492/22/(200, 200, 200)
330/492/22/(200, 200, 200)
334/492/22/(200, 200, 200)
342/492/22/(200, 200, 200)
348/492/22/(200, 200, 200)
355/491/22/(200, 200, 200)
361/490/22/(200, 200, 200)
365/490/22/(200, 200, 200)
369/490/22/(200, 200, 200)
372/490/22/(200, 200, 200)
374/490/22/(200, 200, 200)
374/490/22/(200, 200, 200)
376/490/22/(200, 200, 200)
377/490/22/(200, 200, 200)
379/490/22/(200, 200, 200)
380/490/22/(200, 200, 200)
381/490/22/(200, 200, 200)
381/490/22/(200, 200, 200)
381/490/22/(200, 200, 200)
384/490/22/(200, 200, 200)
386/489/22/(200, 200, 200)
387/489/22/(200, 200, 200)
389/487/22/(200, 200, 200)
389/487/22/(200, 200, 200)
389/486/22/(200, 200, 200)
391/484/22/(200, 200, 200)
391/483/22/(200, 200, 200)
391/481/22/(200, 200, 200)
391/479/22/(200, 200, 200)
391/477/22/(200, 200, 200)
390/474/22/(200, 200, 200)
389/471/22/(200, 200, 200)
389/469/22/(200, 200, 200)
389/467/22/(200, 200, 200)
387/461/22/(200, 200, 200)
387/456/22/(200, 200, 200)
387/450/22/(200, 200, 200)
387/448/22/(200, 200, 200)
387/443/22/(200, 200, 200)
386/439/22/(200, 200, 200)
386/438/22/(200, 200, 200)
385/433/22/(200, 200, 200)
385/428/22/(200, 200, 200)
385/425/22/(200, 200, 200)
385/422/22/(200, 200, 200)
384/419/22/(200, 200, 200)
383/417/22/(200, 200, 200)
383/415/22/(200, 200, 200)
383/415/22/(200, 200, 200)
383/415/22/(200, 200, 200)
383/414/22/(200, 200, 200)
382/413/22/(200, 200, 200)
381/411/22/(200, 200, 200)
381/411/22/(200, 200, 200)
381/411/22/(200, 200, 200)
381/411/22/(200, 200, 200)
381/411/22/(200, 200, 200)
378/410/22/(200, 200, 200)
371/408/22/(200, 200, 200)
360/408/22/(200, 200, 200)
356/408/22/(200, 200, 200)
353/408/22/(200, 200, 200)
349/408/22/(200, 200, 200)
347/408/22/(200, 200, 200)
341/408/22/(200, 200, 200)
337/408/22/(200, 200, 200)
334/408/22/(200, 200, 200)
331/408/22/(200, 200, 200)
329/408/22/(200, 200, 200)
328/409/22/(200, 200, 200)
328/409/22/(200, 200, 200)
328/409/22/(200, 200, 200)
328/409/22/(200, 200, 200)
328/409/22/(200, 200, 200)
328/409/22/(200, 200, 200)
328/409/22/(200, 200, 200)
328/409/22/(200, 200, 200)
328/409/22/(200, 200, 200)
328/409/22/(200, 200, 200)
328/409/22/(200, 200, 200)
328/409/22/(200, 200, 200)
270/255/22/(200, 200, 200)
270/255/22/(200, 200, 200)
268/256/22/(200, 200, 200)
268/256/22/(200, 200, 200)
268/256/22/(200, 200, 200)
268/256/22/(200, 200, 200)
267/256/22/(200, 200, 200)
267/256/22/(200, 200, 200)
267/257/22/(200, 200, 200)
267/257/22/(200, 200, 200)
267/257/22/(200, 200, 200)
267/257/22/(200, 200, 200)
267/257/22/(200, 200, 200)
267/257/22/(200, 200, 200)
267/257/22/(200, 200, 200)
267/257/22/(200, 200, 200)
269/257/22/(200, 200, 200)
273/253/22/(200, 200, 200)
280/249/22/(200, 200, 200)
288/245/22/(200, 200, 200)
292/242/22/(200, 200, 200)
293/241/22/(200, 200, 200)
296/238/22/(200, 200, 200)
300/235/22/(200, 200, 200)
303/231/22/(200, 200, 200)
306/228/22/(200, 200, 200)
309/225/22/(200, 200, 200)
311/223/22/(200, 200, 200)
311/222/22/(200, 200, 200)
312/221/22/(200, 200, 200)
313/220/22/(200, 200, 200)
314/219/22/(200, 200, 200)
315/219/22/(200, 200, 200)
318/217/22/(200, 200, 200)
320/215/22/(200, 200, 200)
322/214/22/(200, 200, 200)
322/213/22/(200, 200, 200)
323/213/22/(200, 200, 200)
323/213/22/(200, 200, 200)
323/212/22/(200, 200, 200)
323/212/22/(200, 200, 200)
325/212/22/(200, 200, 200)
325/212/22/(200, 200, 200)
325/212/22/(200, 200, 200)
326/211/22/(200, 200, 200)
326/211/22/(200, 200, 200)
328/209/22/(200, 200, 200)
330/209/22/(200, 200, 200)
331/208/22/(200, 200, 200)
332/208/22/(200, 200, 200)
333/207/22/(200, 200, 200)
333/207/22/(200, 200, 200)
333/207/22/(200, 200, 200)
333/207/22/(200, 200, 200)
333/207/22/(200, 200, 200)
333/207/22/(200, 200, 200)
334/207/22/(200, 200, 200)
339/208/22/(200, 200, 200)
343/211/22/(200, 200, 200)
349/214/22/(200, 200, 200)
357/217/22/(200, 200, 200)
362/219/22/(200, 200, 200)
366/222/22/(200, 200, 200)
372/226/22/(200, 200, 200)
379/231/22/(200, 200, 200)
383/234/22/(200, 200, 200)
385/235/22/(200, 200, 200)
389/239/22/(200, 200, 200)
392/241/22/(200, 200, 200)
394/242/22/(200, 200, 200)
396/244/22/(200, 200, 200)
399/245/22/(200, 200, 200)
402/246/22/(200, 200, 200)
403/247/22/(200, 200, 200)
404/247/22/(200, 200, 200)
406/248/22/(200, 200, 200)
406/248/22/(200, 200, 200)
408/249/22/(200, 200, 200)
409/249/22/(200, 200, 200)
410/249/22/(200, 200, 200)
410/249/22/(200, 200, 200)
410/249/22/(200, 200, 200)
412/251/22/(200, 200, 200)
413/251/22/(200, 200, 200)
413/251/22/(200, 200, 200)
413/251/22/(200, 200, 200)
413/251/22/(200, 200, 200)
413/251/22/(200, 200, 200)
413/251/22/(200, 200, 200)
413/251/22/(200, 200, 200)
414/252/22/(200, 200, 200)
414/252/22/(200, 200, 200)
414/252/22/(200, 200, 200)
414/252/22/(200, 200, 200)
414/252/22/(200, 200, 200)
414/252/22/(200, 200, 200)
414/252/22/(200, 200, 200)
414/252/22/(200, 200, 200)
414/252/22/(200, 200, 200)
414/252/22/(200, 200, 200)
414/252/22/(200, 200, 200)
414/252/22/(200, 200, 200)
414/252/22/(200, 200, 200)
414/252/22/(200, 200, 200)
414/252/22/(200, 200, 200)
415/252/22/(200, 200, 200)
415/252/22/(200, 200, 200)
415/252/22/(200, 200, 200)
415/252/22/(200, 200, 200)
416/252/22/(200, 200, 200)
417/254/22/(200, 200, 200)
418/254/22/(200, 200, 200)
419/255/22/(200, 200, 200)
420/255/22/(200, 200, 200)
420/255/22/(200, 200, 200)
420/255/22/(200, 200, 200)
420/255/22/(200, 200, 200)
420/255/22/(200, 200, 200)
420/255/22/(200, 200, 200)
420/255/22/(200, 200, 200)
420/255/22/(200, 200, 200)
420/255/22/(200, 200, 200)
420/255/22/(200, 200, 200)
420/255/22/(200, 200, 200)
420/255/22/(200, 200, 200)
420/255/22/(200, 200, 200)
421/256/22/(200, 200, 200)
421/256/22/(200, 200, 200)
416/257/22/(200, 200, 200)
410/257/22/(200, 200, 200)
408/258/22/(200, 200, 200)
403/258/22/(200, 200, 200)
398/258/22/(200, 200, 200)
394/258/22/(200, 200, 200)
387/259/22/(200, 200, 200)
378/260/22/(200, 200, 200)
370/261/22/(200, 200, 200)
363/261/22/(200, 200, 200)
355/261/22/(200, 200, 200)
351/261/22/(200, 200, 200)
349/261/22/(200, 200, 200)
344/261/22/(200, 200, 200)
337/261/22/(200, 200, 200)
332/261/22/(200, 200, 200)
328/261/22/(200, 200, 200)
324/261/22/(200, 200, 200)
320/261/22/(200, 200, 200)
315/261/22/(200, 200, 200)
309/261/22/(200, 200, 200)
307/261/22/(200, 200, 200)
295/261/22/(200, 200, 200)
292/261/22/(200, 200, 200)
286/261/22/(200, 200, 200)
281/261/22/(200, 200, 200)
271/262/22/(200, 200, 200)
268/263/22/(200, 200, 200)
263/263/22/(200, 200, 200)
261/263/22/(200, 200, 200)
258/264/22/(200, 200, 200)
257/264/22/(200, 200, 200)
254/264/22/(200, 200, 200)
252/265/22/(200, 200, 200)
250/265/22/(200, 200, 200)
249/265/22/(200, 200, 200)
247/265/22/(200, 200, 200)
246/265/22/(200, 200, 200)
245/265/22/(200, 200, 200)
244/265/22/(200, 200, 200)
240/265/22/(200, 200, 200)
239/265/22/(200, 200, 200)
236/266/22/(200, 200, 200)
236/266/22/(200, 200, 200)
236/266/22/(200, 200, 200)
236/266/22/(200, 200, 200)
236/266/22/(200, 200, 200)
236/266/22/(200, 200, 200)
236/266/22/(200, 200, 200)
236/266/22/(200, 200, 200)
236/266/22/(200, 200, 200)
236/266/22/(200, 200, 200)
236/266/22/(200, 200, 200)
324/229/22/(200, 200, 200)
325/229/22/(200, 200, 200)
331/229/22/(200, 200, 200)
335/229/22/(200, 200, 200)
336/229/22/(200, 200, 200)
341/229/22/(200, 200, 200)
346/229/22/(200, 200, 200)
349/229/22/(200, 200, 200)
350/229/22/(200, 200, 200)
351/229/22/(200, 200, 200)
351/229/22/(200, 200, 200)
353/229/22/(200, 200, 200)
356/229/22/(200, 200, 200)
357/229/22/(200, 200, 200)
357/229/22/(200, 200, 200)
357/229/22/(200, 200, 200)
357/229/22/(200, 200, 200)
357/229/22/(200, 200, 200)
357/229/22/(200, 200, 200)
357/229/22/(200, 200, 200)
357/229/22/(200, 200, 200)
357/229/22/(200, 200, 200)
357/229/22/(200, 200, 200)
357/229/22/(200, 200, 200)
351/229/22/(200, 200, 200)
341/230/22/(200, 200, 200)
331/232/22/(200, 200, 200)
325/232/22/(200, 200, 200)
322/232/22/(200, 200, 200)
321/233/22/(200, 200, 200)
321/233/22/(200, 200, 200)
321/233/22/(200, 200, 200)
