181/109/13/(0, 0, 0)
181/109/13/(0, 0, 0)
181/109/13/(0, 0, 0)
181/109/13/(0, 0, 0)
181/109/13/(0, 0, 0)
181/109/13/(0, 0, 0)
180/109/13/(0, 0, 0)
180/109/13/(0, 0, 0)
180/109/13/(0, 0, 0)
180/109/13/(0, 0, 0)
180/109/13/(0, 0, 0)
180/109/13/(0, 0, 0)
178/107/13/(0, 0, 0)
178/107/13/(0, 0, 0)
178/107/13/(0, 0, 0)
178/107/13/(0, 0, 0)
178/107/13/(0, 0, 0)
178/107/13/(0, 0, 0)
177/105/13/(0, 0, 0)
177/105/13/(0, 0, 0)
177/105/13/(0, 0, 0)
177/105/13/(0, 0, 0)
177/105/13/(0, 0, 0)
177/105/13/(0, 0, 0)
177/105/13/(0, 0, 0)
177/105/13/(0, 0, 0)
177/105/13/(0, 0, 0)
177/105/13/(0, 0, 0)
177/105/13/(0, 0, 0)
177/105/13/(0, 0, 0)
175/104/13/(0, 0, 0)
175/104/13/(0, 0, 0)
175/104/13/(0, 0, 0)
175/104/13/(0, 0, 0)
175/104/13/(0, 0, 0)
175/104/13/(0, 0, 0)
175/103/13/(0, 0, 0)
175/103/13/(0, 0, 0)
175/103/13/(0, 0, 0)
175/103/13/(0, 0, 0)
175/103/13/(0, 0, 0)
174/103/13/(0, 0, 0)
174/103/13/(0, 0, 0)
174/103/13/(0, 0, 0)
174/103/13/(0, 0, 0)
174/103/13/(0, 0, 0)
174/103/13/(0, 0, 0)
174/103/13/(0, 0, 0)
174/102/13/(0, 0, 0)
174/102/13/(0, 0, 0)
174/102/13/(0, 0, 0)
174/102/13/(0, 0, 0)
174/102/13/(0, 0, 0)
174/102/13/(0, 0, 0)
174/102/13/(0, 0, 0)
174/102/13/(0, 0, 0)
174/102/13/(0, 0, 0)
174/102/13/(0, 0, 0)
174/102/13/(0, 0, 0)
174/102/13/(0, 0, 0)
174/102/13/(0, 0, 0)
174/102/13/(0, 0, 0)
174/102/13/(0, 0, 0)
174/102/13/(0, 0, 0)
174/102/13/(0, 0, 0)
174/102/13/(0, 0, 0)
174/102/13/(0, 0, 0)
174/102/13/(0, 0, 0)
174/102/13/(0, 0, 0)
174/102/13/(0, 0, 0)
174/102/13/(0, 0, 0)
174/102/13/(0, 0, 0)
174/102/13/(0, 0, 0)
174/102/13/(0, 0, 0)
174/102/13/(0, 0, 0)
174/102/13/(0, 0, 0)
174/102/13/(0, 0, 0)
174/102/13/(0, 0, 0)
174/102/13/(0, 0, 0)
174/102/13/(0, 0, 0)
174/102/13/(0, 0, 0)
174/102/13/(0, 0, 0)
174/102/13/(0, 0, 0)
172/101/13/(0, 0, 0)
172/101/13/(0, 0, 0)
172/101/13/(0, 0, 0)
172/101/13/(0, 0, 0)
172/101/13/(0, 0, 0)
172/101/13/(0, 0, 0)
172/101/13/(0, 0, 0)
172/101/13/(0, 0, 0)
172/101/13/(0, 0, 0)
172/101/13/(0, 0, 0)
172/101/13/(0, 0, 0)
172/101/13/(0, 0, 0)
172/101/13/(0, 0, 0)
172/101/13/(0, 0, 0)
172/101/13/(0, 0, 0)
172/101/13/(0, 0, 0)
172/101/13/(0, 0, 0)
172/101/13/(0, 0, 0)
172/101/13/(0, 0, 0)
172/101/13/(0, 0, 0)
172/101/13/(0, 0, 0)
172/101/13/(0, 0, 0)
172/101/13/(0, 0, 0)
172/101/13/(0, 0, 0)
172/101/13/(0, 0, 0)
172/101/13/(0, 0, 0)
172/101/13/(0, 0, 0)
172/101/13/(0, 0, 0)
172/101/13/(0, 0, 0)
172/101/13/(0, 0, 0)
172/101/13/(0, 0, 0)
172/101/13/(0, 0, 0)
172/101/13/(0, 0, 0)
172/101/13/(0, 0, 0)
172/101/13/(0, 0, 0)
172/101/13/(0, 0, 0)
172/101/13/(0, 0, 0)
172/101/13/(0, 0, 0)
172/101/13/(0, 0, 0)
172/101/13/(0, 0, 0)
172/101/13/(0, 0, 0)
172/101/13/(0, 0, 0)
172/101/13/(0, 0, 0)
172/101/13/(0, 0, 0)
172/101/13/(0, 0, 0)
172/101/13/(0, 0, 0)
172/101/13/(0, 0, 0)
172/101/13/(0, 0, 0)
172/101/13/(0, 0, 0)
172/101/13/(0, 0, 0)
172/101/13/(0, 0, 0)
172/101/13/(0, 0, 0)
172/101/13/(0, 0, 0)
172/101/13/(0, 0, 0)
172/101/13/(0, 0, 0)
172/101/13/(0, 0, 0)
172/101/13/(0, 0, 0)
172/101/13/(0, 0, 0)
172/101/13/(0, 0, 0)
172/101/13/(0, 0, 0)
172/101/13/(0, 0, 0)
172/101/13/(0, 0, 0)
172/101/13/(0, 0, 0)
172/101/13/(0, 0, 0)
172/101/13/(0, 0, 0)
172/101/13/(0, 0, 0)
172/101/13/(0, 0, 0)
172/101/13/(0, 0, 0)
172/101/13/(0, 0, 0)
172/101/13/(0, 0, 0)
172/101/13/(0, 0, 0)
172/101/13/(0, 0, 0)
172/101/13/(0, 0, 0)
172/101/13/(0, 0, 0)
172/101/13/(0, 0, 0)
172/101/13/(0, 0, 0)
172/101/13/(0, 0, 0)
172/101/13/(0, 0, 0)
172/101/13/(0, 0, 0)
172/101/13/(0, 0, 0)
172/101/13/(0, 0, 0)
172/101/13/(0, 0, 0)
172/101/13/(0, 0, 0)
172/101/13/(0, 0, 0)
172/101/13/(0, 0, 0)
172/101/13/(0, 0, 0)
172/101/13/(0, 0, 0)
172/101/13/(0, 0, 0)
172/101/13/(0, 0, 0)
172/101/13/(0, 0, 0)
172/101/13/(0, 0, 0)
172/101/13/(0, 0, 0)
172/101/13/(0, 0, 0)
172/101/13/(0, 0, 0)
172/101/13/(0, 0, 0)
172/101/13/(0, 0, 0)
172/101/13/(0, 0, 0)
172/101/13/(0, 0, 0)
172/101/13/(0, 0, 0)
172/101/13/(0, 0, 0)
172/101/13/(0, 0, 0)
172/101/13/(0, 0, 0)
172/101/13/(0, 0, 0)
172/101/13/(0, 0, 0)
172/101/13/(0, 0, 0)
172/101/13/(0, 0, 0)
172/101/13/(0, 0, 0)
172/101/13/(0, 0, 0)
172/101/13/(0, 0, 0)
172/101/13/(0, 0, 0)
172/101/13/(0, 0, 0)
172/101/13/(0, 0, 0)
172/101/13/(0, 0, 0)
172/101/13/(0, 0, 0)
172/101/13/(0, 0, 0)
172/101/13/(0, 0, 0)
172/101/13/(0, 0, 0)
172/101/13/(0, 0, 0)
172/101/13/(0, 0, 0)
172/101/13/(0, 0, 0)
172/101/13/(0, 0, 0)
172/101/13/(0, 0, 0)
172/101/13/(0, 0, 0)
172/101/13/(0, 0, 0)
172/101/13/(0, 0, 0)
172/101/13/(0, 0, 0)
172/101/13/(0, 0, 0)
172/101/13/(0, 0, 0)
172/101/13/(0, 0, 0)
172/101/13/(0, 0, 0)
172/101/13/(0, 0, 0)
172/101/13/(0, 0, 0)
172/101/13/(0, 0, 0)
172/101/13/(0, 0, 0)
172/101/13/(0, 0, 0)
172/101/13/(0, 0, 0)
172/101/13/(0, 0, 0)
172/101/13/(0, 0, 0)
172/101/13/(0, 0, 0)
172/101/13/(0, 0, 0)
172/101/13/(0, 0, 0)
172/101/13/(0, 0, 0)
172/101/13/(0, 0, 0)
172/101/13/(0, 0, 0)
172/101/13/(0, 0, 0)
172/101/13/(0, 0, 0)
172/101/13/(0, 0, 0)
172/101/13/(0, 0, 0)
172/101/13/(0, 0, 0)
172/101/13/(0, 0, 0)
172/101/13/(0, 0, 0)
172/101/13/(0, 0, 0)
172/101/13/(0, 0, 0)
172/101/13/(0, 0, 0)
172/101/13/(0, 0, 0)
170/101/13/(0, 0, 0)
170/101/13/(0, 0, 0)
170/101/13/(0, 0, 0)
170/101/13/(0, 0, 0)
170/101/13/(0, 0, 0)
166/102/13/(0, 0, 0)
166/102/13/(0, 0, 0)
166/102/13/(0, 0, 0)
166/102/13/(0, 0, 0)
166/102/13/(0, 0, 0)
164/102/13/(0, 0, 0)
164/102/13/(0, 0, 0)
164/102/13/(0, 0, 0)
160/103/13/(0, 0, 0)
160/103/13/(0, 0, 0)
160/103/13/(0, 0, 0)
160/103/13/(0, 0, 0)
160/103/13/(0, 0, 0)
158/104/13/(0, 0, 0)
158/104/13/(0, 0, 0)
158/104/13/(0, 0, 0)
158/104/13/(0, 0, 0)
158/104/13/(0, 0, 0)
156/105/13/(0, 0, 0)
156/105/13/(0, 0, 0)
156/105/13/(0, 0, 0)
156/105/13/(0, 0, 0)
156/105/13/(0, 0, 0)
156/105/13/(0, 0, 0)
156/105/13/(0, 0, 0)
156/105/13/(0, 0, 0)
156/105/13/(0, 0, 0)
156/105/13/(0, 0, 0)
154/106/13/(0, 0, 0)
154/106/13/(0, 0, 0)
154/106/13/(0, 0, 0)
154/106/13/(0, 0, 0)
154/106/13/(0, 0, 0)
154/106/13/(0, 0, 0)
154/106/13/(0, 0, 0)
154/106/13/(0, 0, 0)
154/106/13/(0, 0, 0)
154/106/13/(0, 0, 0)
153/107/13/(0, 0, 0)
153/107/13/(0, 0, 0)
153/107/13/(0, 0, 0)
153/107/13/(0, 0, 0)
153/107/13/(0, 0, 0)
152/107/13/(0, 0, 0)
152/107/13/(0, 0, 0)
152/107/13/(0, 0, 0)
152/107/13/(0, 0, 0)
152/107/13/(0, 0, 0)
152/107/13/(0, 0, 0)
152/107/13/(0, 0, 0)
152/107/13/(0, 0, 0)
152/107/13/(0, 0, 0)
152/107/13/(0, 0, 0)
152/107/13/(0, 0, 0)
152/107/13/(0, 0, 0)
152/107/13/(0, 0, 0)
152/107/13/(0, 0, 0)
152/107/13/(0, 0, 0)
152/107/13/(0, 0, 0)
152/107/13/(0, 0, 0)
152/107/13/(0, 0, 0)
152/107/13/(0, 0, 0)
152/107/13/(0, 0, 0)
151/109/13/(0, 0, 0)
151/109/13/(0, 0, 0)
151/109/13/(0, 0, 0)
151/109/13/(0, 0, 0)
151/109/13/(0, 0, 0)
150/109/13/(0, 0, 0)
150/109/13/(0, 0, 0)
150/109/13/(0, 0, 0)
150/109/13/(0, 0, 0)
150/109/13/(0, 0, 0)
149/111/13/(0, 0, 0)
149/111/13/(0, 0, 0)
149/111/13/(0, 0, 0)
149/111/13/(0, 0, 0)
149/111/13/(0, 0, 0)
148/111/13/(0, 0, 0)
148/111/13/(0, 0, 0)
148/111/13/(0, 0, 0)
148/111/13/(0, 0, 0)
148/111/13/(0, 0, 0)
148/112/13/(0, 0, 0)
148/112/13/(0, 0, 0)
148/112/13/(0, 0, 0)
148/112/13/(0, 0, 0)
148/112/13/(0, 0, 0)
147/113/13/(0, 0, 0)
147/113/13/(0, 0, 0)
147/113/13/(0, 0, 0)
147/113/13/(0, 0, 0)
146/114/13/(0, 0, 0)
146/114/13/(0, 0, 0)
146/114/13/(0, 0, 0)
146/114/13/(0, 0, 0)
146/114/13/(0, 0, 0)
146/115/13/(0, 0, 0)
146/115/13/(0, 0, 0)
146/115/13/(0, 0, 0)
146/115/13/(0, 0, 0)
146/115/13/(0, 0, 0)
145/116/13/(0, 0, 0)
145/116/13/(0, 0, 0)
145/116/13/(0, 0, 0)
145/116/13/(0, 0, 0)
144/117/13/(0, 0, 0)
144/117/13/(0, 0, 0)
144/117/13/(0, 0, 0)
144/117/13/(0, 0, 0)
144/117/13/(0, 0, 0)
144/119/13/(0, 0, 0)
144/119/13/(0, 0, 0)
144/119/13/(0, 0, 0)
144/119/13/(0, 0, 0)
144/119/13/(0, 0, 0)
142/120/13/(0, 0, 0)
142/120/13/(0, 0, 0)
142/120/13/(0, 0, 0)
142/120/13/(0, 0, 0)
142/120/13/(0, 0, 0)
142/121/13/(0, 0, 0)
142/121/13/(0, 0, 0)
142/121/13/(0, 0, 0)
142/121/13/(0, 0, 0)
141/123/13/(0, 0, 0)
141/123/13/(0, 0, 0)
141/123/13/(0, 0, 0)
141/123/13/(0, 0, 0)
141/123/13/(0, 0, 0)
140/124/13/(0, 0, 0)
140/124/13/(0, 0, 0)
140/124/13/(0, 0, 0)
140/124/13/(0, 0, 0)
140/126/13/(0, 0, 0)
140/126/13/(0, 0, 0)
140/126/13/(0, 0, 0)
140/126/13/(0, 0, 0)
140/126/13/(0, 0, 0)
140/126/13/(0, 0, 0)
140/126/13/(0, 0, 0)
140/126/13/(0, 0, 0)
140/126/13/(0, 0, 0)
140/126/13/(0, 0, 0)
139/127/13/(0, 0, 0)
139/127/13/(0, 0, 0)
139/127/13/(0, 0, 0)
139/127/13/(0, 0, 0)
138/129/13/(0, 0, 0)
138/129/13/(0, 0, 0)
138/129/13/(0, 0, 0)
138/129/13/(0, 0, 0)
138/129/13/(0, 0, 0)
138/130/13/(0, 0, 0)
138/130/13/(0, 0, 0)
138/130/13/(0, 0, 0)
138/130/13/(0, 0, 0)
138/130/13/(0, 0, 0)
138/131/13/(0, 0, 0)
138/131/13/(0, 0, 0)
138/131/13/(0, 0, 0)
138/131/13/(0, 0, 0)
138/133/13/(0, 0, 0)
138/133/13/(0, 0, 0)
138/133/13/(0, 0, 0)
138/133/13/(0, 0, 0)
137/135/13/(0, 0, 0)
137/135/13/(0, 0, 0)
137/135/13/(0, 0, 0)
137/135/13/(0, 0, 0)
137/135/13/(0, 0, 0)
136/135/13/(0, 0, 0)
136/135/13/(0, 0, 0)
136/135/13/(0, 0, 0)
136/135/13/(0, 0, 0)
136/137/13/(0, 0, 0)
136/137/13/(0, 0, 0)
136/137/13/(0, 0, 0)
136/137/13/(0, 0, 0)
136/137/13/(0, 0, 0)
136/139/13/(0, 0, 0)
136/139/13/(0, 0, 0)
136/139/13/(0, 0, 0)
136/139/13/(0, 0, 0)
136/139/13/(0, 0, 0)
135/141/13/(0, 0, 0)
135/141/13/(0, 0, 0)
135/141/13/(0, 0, 0)
135/141/13/(0, 0, 0)
134/143/13/(0, 0, 0)
134/143/13/(0, 0, 0)
134/143/13/(0, 0, 0)
134/143/13/(0, 0, 0)
134/143/13/(0, 0, 0)
132/145/13/(0, 0, 0)
132/145/13/(0, 0, 0)
132/145/13/(0, 0, 0)
132/145/13/(0, 0, 0)
132/147/13/(0, 0, 0)
132/147/13/(0, 0, 0)
132/147/13/(0, 0, 0)
132/147/13/(0, 0, 0)
131/149/13/(0, 0, 0)
131/149/13/(0, 0, 0)
131/149/13/(0, 0, 0)
131/149/13/(0, 0, 0)
130/151/13/(0, 0, 0)
130/151/13/(0, 0, 0)
130/151/13/(0, 0, 0)
130/151/13/(0, 0, 0)
130/151/13/(0, 0, 0)
130/152/13/(0, 0, 0)
130/152/13/(0, 0, 0)
130/152/13/(0, 0, 0)
130/152/13/(0, 0, 0)
130/153/13/(0, 0, 0)
130/153/13/(0, 0, 0)
130/153/13/(0, 0, 0)
130/153/13/(0, 0, 0)
130/155/13/(0, 0, 0)
130/155/13/(0, 0, 0)
130/155/13/(0, 0, 0)
130/155/13/(0, 0, 0)
130/155/13/(0, 0, 0)
130/157/13/(0, 0, 0)
130/157/13/(0, 0, 0)
130/157/13/(0, 0, 0)
130/157/13/(0, 0, 0)
130/159/13/(0, 0, 0)
130/159/13/(0, 0, 0)
130/159/13/(0, 0, 0)
130/159/13/(0, 0, 0)
129/161/13/(0, 0, 0)
129/161/13/(0, 0, 0)
129/161/13/(0, 0, 0)
129/161/13/(0, 0, 0)
128/163/13/(0, 0, 0)
128/163/13/(0, 0, 0)
128/163/13/(0, 0, 0)
128/163/13/(0, 0, 0)
128/163/13/(0, 0, 0)
128/165/13/(0, 0, 0)
128/165/13/(0, 0, 0)
128/165/13/(0, 0, 0)
128/165/13/(0, 0, 0)
128/167/13/(0, 0, 0)
128/167/13/(0, 0, 0)
128/167/13/(0, 0, 0)
128/167/13/(0, 0, 0)
128/167/13/(0, 0, 0)
128/168/13/(0, 0, 0)
128/168/13/(0, 0, 0)
128/168/13/(0, 0, 0)
128/168/13/(0, 0, 0)
128/170/13/(0, 0, 0)
128/170/13/(0, 0, 0)
128/170/13/(0, 0, 0)
128/170/13/(0, 0, 0)
127/173/13/(0, 0, 0)
127/173/13/(0, 0, 0)
127/173/13/(0, 0, 0)
127/173/13/(0, 0, 0)
126/175/13/(0, 0, 0)
126/175/13/(0, 0, 0)
126/175/13/(0, 0, 0)
126/175/13/(0, 0, 0)
126/175/13/(0, 0, 0)
125/177/13/(0, 0, 0)
125/177/13/(0, 0, 0)
125/177/13/(0, 0, 0)
125/177/13/(0, 0, 0)
125/179/13/(0, 0, 0)
125/179/13/(0, 0, 0)
125/179/13/(0, 0, 0)
125/179/13/(0, 0, 0)
125/181/13/(0, 0, 0)
125/181/13/(0, 0, 0)
125/181/13/(0, 0, 0)
125/181/13/(0, 0, 0)
124/184/13/(0, 0, 0)
124/184/13/(0, 0, 0)
124/184/13/(0, 0, 0)
124/184/13/(0, 0, 0)
124/184/13/(0, 0, 0)
123/187/13/(0, 0, 0)
123/187/13/(0, 0, 0)
123/187/13/(0, 0, 0)
123/187/13/(0, 0, 0)
123/189/13/(0, 0, 0)
123/189/13/(0, 0, 0)
123/189/13/(0, 0, 0)
123/189/13/(0, 0, 0)
123/192/13/(0, 0, 0)
123/192/13/(0, 0, 0)
123/192/13/(0, 0, 0)
123/192/13/(0, 0, 0)
121/196/13/(0, 0, 0)
121/196/13/(0, 0, 0)
121/196/13/(0, 0, 0)
121/196/13/(0, 0, 0)
121/199/13/(0, 0, 0)
121/199/13/(0, 0, 0)
121/199/13/(0, 0, 0)
121/199/13/(0, 0, 0)
121/199/13/(0, 0, 0)
121/202/13/(0, 0, 0)
121/202/13/(0, 0, 0)
121/202/13/(0, 0, 0)
121/202/13/(0, 0, 0)
119/205/13/(0, 0, 0)
119/205/13/(0, 0, 0)
119/205/13/(0, 0, 0)
119/205/13/(0, 0, 0)
118/208/13/(0, 0, 0)
118/208/13/(0, 0, 0)
118/208/13/(0, 0, 0)
118/208/13/(0, 0, 0)
118/211/13/(0, 0, 0)
118/211/13/(0, 0, 0)
118/211/13/(0, 0, 0)
118/211/13/(0, 0, 0)
118/214/13/(0, 0, 0)
118/214/13/(0, 0, 0)
118/214/13/(0, 0, 0)
118/214/13/(0, 0, 0)
117/218/13/(0, 0, 0)
117/218/13/(0, 0, 0)
117/218/13/(0, 0, 0)
117/218/13/(0, 0, 0)
116/222/13/(0, 0, 0)
116/222/13/(0, 0, 0)
116/222/13/(0, 0, 0)
116/222/13/(0, 0, 0)
114/226/13/(0, 0, 0)
114/226/13/(0, 0, 0)
114/226/13/(0, 0, 0)
114/226/13/(0, 0, 0)
113/231/13/(0, 0, 0)
113/231/13/(0, 0, 0)
113/231/13/(0, 0, 0)
113/231/13/(0, 0, 0)
111/235/13/(0, 0, 0)
111/235/13/(0, 0, 0)
111/235/13/(0, 0, 0)
111/235/13/(0, 0, 0)
111/235/13/(0, 0, 0)
111/240/13/(0, 0, 0)
111/240/13/(0, 0, 0)
111/240/13/(0, 0, 0)
111/240/13/(0, 0, 0)
111/244/13/(0, 0, 0)
111/244/13/(0, 0, 0)
111/244/13/(0, 0, 0)
109/247/13/(0, 0, 0)
109/247/13/(0, 0, 0)
109/247/13/(0, 0, 0)
109/247/13/(0, 0, 0)
108/250/13/(0, 0, 0)
108/250/13/(0, 0, 0)
108/250/13/(0, 0, 0)
108/250/13/(0, 0, 0)
107/253/13/(0, 0, 0)
107/253/13/(0, 0, 0)
107/253/13/(0, 0, 0)
107/253/13/(0, 0, 0)
105/259/13/(0, 0, 0)
105/259/13/(0, 0, 0)
105/259/13/(0, 0, 0)
105/259/13/(0, 0, 0)
105/262/13/(0, 0, 0)
105/262/13/(0, 0, 0)
105/262/13/(0, 0, 0)
105/262/13/(0, 0, 0)
103/264/13/(0, 0, 0)
103/264/13/(0, 0, 0)
103/264/13/(0, 0, 0)
103/264/13/(0, 0, 0)
103/264/13/(0, 0, 0)
103/268/13/(0, 0, 0)
103/268/13/(0, 0, 0)
103/268/13/(0, 0, 0)
103/268/13/(0, 0, 0)
103/271/13/(0, 0, 0)
103/271/13/(0, 0, 0)
103/271/13/(0, 0, 0)
103/271/13/(0, 0, 0)
101/275/13/(0, 0, 0)
101/275/13/(0, 0, 0)
101/275/13/(0, 0, 0)
101/275/13/(0, 0, 0)
101/280/13/(0, 0, 0)
101/280/13/(0, 0, 0)
101/280/13/(0, 0, 0)
101/280/13/(0, 0, 0)
101/283/13/(0, 0, 0)
101/283/13/(0, 0, 0)
101/283/13/(0, 0, 0)
101/283/13/(0, 0, 0)
101/286/13/(0, 0, 0)
101/286/13/(0, 0, 0)
101/286/13/(0, 0, 0)
101/286/13/(0, 0, 0)
100/289/13/(0, 0, 0)
100/289/13/(0, 0, 0)
100/289/13/(0, 0, 0)
100/289/13/(0, 0, 0)
98/292/13/(0, 0, 0)
98/292/13/(0, 0, 0)
98/292/13/(0, 0, 0)
98/292/13/(0, 0, 0)
98/293/13/(0, 0, 0)
98/293/13/(0, 0, 0)
98/293/13/(0, 0, 0)
98/293/13/(0, 0, 0)
97/298/13/(0, 0, 0)
97/298/13/(0, 0, 0)
97/298/13/(0, 0, 0)
96/302/13/(0, 0, 0)
96/302/13/(0, 0, 0)
96/302/13/(0, 0, 0)
96/302/13/(0, 0, 0)
96/302/13/(0, 0, 0)
96/305/13/(0, 0, 0)
96/305/13/(0, 0, 0)
96/305/13/(0, 0, 0)
96/310/13/(0, 0, 0)
96/310/13/(0, 0, 0)
96/310/13/(0, 0, 0)
96/310/13/(0, 0, 0)
95/314/13/(0, 0, 0)
95/314/13/(0, 0, 0)
95/314/13/(0, 0, 0)
95/314/13/(0, 0, 0)
95/317/13/(0, 0, 0)
95/317/13/(0, 0, 0)
95/317/13/(0, 0, 0)
95/317/13/(0, 0, 0)
95/321/13/(0, 0, 0)
95/321/13/(0, 0, 0)
95/321/13/(0, 0, 0)
95/321/13/(0, 0, 0)
95/326/13/(0, 0, 0)
95/326/13/(0, 0, 0)
95/326/13/(0, 0, 0)
95/326/13/(0, 0, 0)
95/330/13/(0, 0, 0)
95/330/13/(0, 0, 0)
95/330/13/(0, 0, 0)
95/334/13/(0, 0, 0)
95/334/13/(0, 0, 0)
95/334/13/(0, 0, 0)
95/334/13/(0, 0, 0)
95/337/13/(0, 0, 0)
95/337/13/(0, 0, 0)
95/337/13/(0, 0, 0)
95/337/13/(0, 0, 0)
95/340/13/(0, 0, 0)
95/340/13/(0, 0, 0)
95/340/13/(0, 0, 0)
95/340/13/(0, 0, 0)
95/343/13/(0, 0, 0)
95/343/13/(0, 0, 0)
95/343/13/(0, 0, 0)
95/344/13/(0, 0, 0)
95/344/13/(0, 0, 0)
95/344/13/(0, 0, 0)
95/344/13/(0, 0, 0)
95/345/13/(0, 0, 0)
95/345/13/(0, 0, 0)
95/345/13/(0, 0, 0)
95/345/13/(0, 0, 0)
95/347/13/(0, 0, 0)
95/347/13/(0, 0, 0)
95/347/13/(0, 0, 0)
95/347/13/(0, 0, 0)
95/349/13/(0, 0, 0)
95/349/13/(0, 0, 0)
95/349/13/(0, 0, 0)
95/349/13/(0, 0, 0)
95/351/13/(0, 0, 0)
95/351/13/(0, 0, 0)
95/351/13/(0, 0, 0)
95/351/13/(0, 0, 0)
97/354/13/(0, 0, 0)
97/354/13/(0, 0, 0)
97/354/13/(0, 0, 0)
98/357/13/(0, 0, 0)
98/357/13/(0, 0, 0)
98/357/13/(0, 0, 0)
98/357/13/(0, 0, 0)
101/363/13/(0, 0, 0)
101/363/13/(0, 0, 0)
101/363/13/(0, 0, 0)
101/363/13/(0, 0, 0)
101/365/13/(0, 0, 0)
101/365/13/(0, 0, 0)
101/365/13/(0, 0, 0)
103/368/13/(0, 0, 0)
103/368/13/(0, 0, 0)
103/368/13/(0, 0, 0)
103/368/13/(0, 0, 0)
104/368/13/(0, 0, 0)
104/368/13/(0, 0, 0)
104/368/13/(0, 0, 0)
104/370/13/(0, 0, 0)
104/370/13/(0, 0, 0)
104/370/13/(0, 0, 0)
104/370/13/(0, 0, 0)
105/371/13/(0, 0, 0)
105/371/13/(0, 0, 0)
105/371/13/(0, 0, 0)
105/371/13/(0, 0, 0)
105/371/13/(0, 0, 0)
105/371/13/(0, 0, 0)
105/371/13/(0, 0, 0)
106/373/13/(0, 0, 0)
106/373/13/(0, 0, 0)
106/373/13/(0, 0, 0)
106/373/13/(0, 0, 0)
107/373/13/(0, 0, 0)
107/373/13/(0, 0, 0)
107/373/13/(0, 0, 0)
107/373/13/(0, 0, 0)
107/374/13/(0, 0, 0)
107/374/13/(0, 0, 0)
107/374/13/(0, 0, 0)
107/374/13/(0, 0, 0)
109/376/13/(0, 0, 0)
109/376/13/(0, 0, 0)
109/376/13/(0, 0, 0)
109/376/13/(0, 0, 0)
109/376/13/(0, 0, 0)
109/376/13/(0, 0, 0)
109/376/13/(0, 0, 0)
111/378/13/(0, 0, 0)
111/378/13/(0, 0, 0)
111/378/13/(0, 0, 0)
111/378/13/(0, 0, 0)
112/379/13/(0, 0, 0)
112/379/13/(0, 0, 0)
112/379/13/(0, 0, 0)
113/380/13/(0, 0, 0)
113/380/13/(0, 0, 0)
113/380/13/(0, 0, 0)
113/380/13/(0, 0, 0)
114/381/13/(0, 0, 0)
114/381/13/(0, 0, 0)
114/381/13/(0, 0, 0)
114/381/13/(0, 0, 0)
114/382/13/(0, 0, 0)
114/382/13/(0, 0, 0)
114/382/13/(0, 0, 0)
114/382/13/(0, 0, 0)
116/383/13/(0, 0, 0)
116/383/13/(0, 0, 0)
116/383/13/(0, 0, 0)
118/384/13/(0, 0, 0)
118/384/13/(0, 0, 0)
118/384/13/(0, 0, 0)
118/384/13/(0, 0, 0)
120/385/13/(0, 0, 0)
120/385/13/(0, 0, 0)
120/385/13/(0, 0, 0)
120/385/13/(0, 0, 0)
122/387/13/(0, 0, 0)
122/387/13/(0, 0, 0)
122/387/13/(0, 0, 0)
124/387/13/(0, 0, 0)
124/387/13/(0, 0, 0)
124/387/13/(0, 0, 0)
124/387/13/(0, 0, 0)
125/387/13/(0, 0, 0)
125/387/13/(0, 0, 0)
125/387/13/(0, 0, 0)
127/388/13/(0, 0, 0)
127/388/13/(0, 0, 0)
127/388/13/(0, 0, 0)
129/389/13/(0, 0, 0)
129/389/13/(0, 0, 0)
129/389/13/(0, 0, 0)
132/390/13/(0, 0, 0)
132/390/13/(0, 0, 0)
132/390/13/(0, 0, 0)
135/391/13/(0, 0, 0)
135/391/13/(0, 0, 0)
135/391/13/(0, 0, 0)
138/394/13/(0, 0, 0)
138/394/13/(0, 0, 0)
138/394/13/(0, 0, 0)
138/394/13/(0, 0, 0)
140/394/13/(0, 0, 0)
140/394/13/(0, 0, 0)
140/394/13/(0, 0, 0)
143/395/13/(0, 0, 0)
143/395/13/(0, 0, 0)
143/395/13/(0, 0, 0)
146/396/13/(0, 0, 0)
146/396/13/(0, 0, 0)
146/396/13/(0, 0, 0)
149/396/13/(0, 0, 0)
149/396/13/(0, 0, 0)
149/396/13/(0, 0, 0)
151/397/13/(0, 0, 0)
151/397/13/(0, 0, 0)
151/397/13/(0, 0, 0)
153/397/13/(0, 0, 0)
153/397/13/(0, 0, 0)
153/397/13/(0, 0, 0)
153/397/13/(0, 0, 0)
156/398/13/(0, 0, 0)
156/398/13/(0, 0, 0)
158/398/13/(0, 0, 0)
158/398/13/(0, 0, 0)
158/398/13/(0, 0, 0)
158/398/13/(0, 0, 0)
159/398/13/(0, 0, 0)
159/398/13/(0, 0, 0)
159/398/13/(0, 0, 0)
161/398/13/(0, 0, 0)
161/398/13/(0, 0, 0)
161/398/13/(0, 0, 0)
163/400/13/(0, 0, 0)
163/400/13/(0, 0, 0)
163/400/13/(0, 0, 0)
165/400/13/(0, 0, 0)
165/400/13/(0, 0, 0)
167/400/13/(0, 0, 0)
167/400/13/(0, 0, 0)
167/400/13/(0, 0, 0)
171/401/13/(0, 0, 0)
171/401/13/(0, 0, 0)
171/401/13/(0, 0, 0)
174/402/13/(0, 0, 0)
174/402/13/(0, 0, 0)
174/402/13/(0, 0, 0)
176/402/13/(0, 0, 0)
176/402/13/(0, 0, 0)
176/402/13/(0, 0, 0)
178/403/13/(0, 0, 0)
178/403/13/(0, 0, 0)
178/403/13/(0, 0, 0)
179/403/13/(0, 0, 0)
179/403/13/(0, 0, 0)
179/403/13/(0, 0, 0)
183/403/13/(0, 0, 0)
183/403/13/(0, 0, 0)
183/403/13/(0, 0, 0)
185/404/13/(0, 0, 0)
185/404/13/(0, 0, 0)
185/404/13/(0, 0, 0)
189/405/13/(0, 0, 0)
189/405/13/(0, 0, 0)
189/405/13/(0, 0, 0)
192/407/13/(0, 0, 0)
192/407/13/(0, 0, 0)
194/407/13/(0, 0, 0)
194/407/13/(0, 0, 0)
194/407/13/(0, 0, 0)
194/407/13/(0, 0, 0)
197/407/13/(0, 0, 0)
197/407/13/(0, 0, 0)
198/408/13/(0, 0, 0)
198/408/13/(0, 0, 0)
198/408/13/(0, 0, 0)
198/408/13/(0, 0, 0)
198/409/13/(0, 0, 0)
198/409/13/(0, 0, 0)
199/409/13/(0, 0, 0)
199/409/13/(0, 0, 0)
199/409/13/(0, 0, 0)
199/409/13/(0, 0, 0)
200/409/13/(0, 0, 0)
200/409/13/(0, 0, 0)
200/409/13/(0, 0, 0)
200/409/13/(0, 0, 0)
200/409/13/(0, 0, 0)
200/409/13/(0, 0, 0)
200/409/13/(0, 0, 0)
200/409/13/(0, 0, 0)
200/409/13/(0, 0, 0)
200/409/13/(0, 0, 0)
200/409/13/(0, 0, 0)
200/409/13/(0, 0, 0)
201/409/13/(0, 0, 0)
201/409/13/(0, 0, 0)
201/409/13/(0, 0, 0)
201/409/13/(0, 0, 0)
201/409/13/(0, 0, 0)
202/409/13/(0, 0, 0)
202/409/13/(0, 0, 0)
202/409/13/(0, 0, 0)
202/409/13/(0, 0, 0)
206/411/13/(0, 0, 0)
206/411/13/(0, 0, 0)
206/411/13/(0, 0, 0)
209/411/13/(0, 0, 0)
209/411/13/(0, 0, 0)
209/411/13/(0, 0, 0)
211/411/13/(0, 0, 0)
211/411/13/(0, 0, 0)
211/411/13/(0, 0, 0)
215/412/13/(0, 0, 0)
215/412/13/(0, 0, 0)
215/412/13/(0, 0, 0)
221/414/13/(0, 0, 0)
221/414/13/(0, 0, 0)
221/414/13/(0, 0, 0)
226/414/13/(0, 0, 0)
226/414/13/(0, 0, 0)
226/414/13/(0, 0, 0)
230/415/13/(0, 0, 0)
230/415/13/(0, 0, 0)
230/415/13/(0, 0, 0)
230/415/13/(0, 0, 0)
234/416/13/(0, 0, 0)
234/416/13/(0, 0, 0)
234/416/13/(0, 0, 0)
239/417/13/(0, 0, 0)
239/417/13/(0, 0, 0)
239/416/13/(0, 0, 0)
242/417/13/(0, 0, 0)
242/417/13/(0, 0, 0)
242/417/13/(0, 0, 0)
246/418/13/(0, 0, 0)
246/418/13/(0, 0, 0)
246/418/13/(0, 0, 0)
247/418/13/(0, 0, 0)
247/418/13/(0, 0, 0)
247/418/13/(0, 0, 0)
250/418/13/(0, 0, 0)
250/418/13/(0, 0, 0)
250/418/13/(0, 0, 0)
254/419/13/(0, 0, 0)
254/419/13/(0, 0, 0)
254/419/13/(0, 0, 0)
256/419/13/(0, 0, 0)
256/419/13/(0, 0, 0)
256/419/13/(0, 0, 0)
259/420/13/(0, 0, 0)
259/420/13/(0, 0, 0)
259/420/13/(0, 0, 0)
259/420/13/(0, 0, 0)
262/421/13/(0, 0, 0)
262/421/13/(0, 0, 0)
262/420/13/(0, 0, 0)
266/421/13/(0, 0, 0)
266/421/13/(0, 0, 0)
266/421/13/(0, 0, 0)
266/421/13/(0, 0, 0)
271/421/13/(0, 0, 0)
271/421/13/(0, 0, 0)
271/421/13/(0, 0, 0)
276/423/13/(0, 0, 0)
277/423/13/(0, 0, 0)
277/423/13/(0, 0, 0)
280/424/13/(0, 0, 0)
281/423/13/(0, 0, 0)
281/423/13/(0, 0, 0)
281/423/13/(0, 0, 0)
284/424/13/(0, 0, 0)
284/424/13/(0, 0, 0)
284/424/13/(0, 0, 0)
289/424/13/(0, 0, 0)
289/424/13/(0, 0, 0)
289/424/13/(0, 0, 0)
291/426/13/(0, 0, 0)
291/426/13/(0, 0, 0)
291/426/13/(0, 0, 0)
294/426/13/(0, 0, 0)
294/426/13/(0, 0, 0)
295/426/13/(0, 0, 0)
297/427/13/(0, 0, 0)
297/427/13/(0, 0, 0)
297/427/13/(0, 0, 0)
297/427/13/(0, 0, 0)
299/427/13/(0, 0, 0)
299/427/13/(0, 0, 0)
299/427/13/(0, 0, 0)
302/428/13/(0, 0, 0)
302/428/13/(0, 0, 0)
302/428/13/(0, 0, 0)
305/429/13/(0, 0, 0)
305/429/13/(0, 0, 0)
305/429/13/(0, 0, 0)
309/429/13/(0, 0, 0)
309/429/13/(0, 0, 0)
309/429/13/(0, 0, 0)
312/430/13/(0, 0, 0)
312/430/13/(0, 0, 0)
312/430/13/(0, 0, 0)
316/431/13/(0, 0, 0)
316/431/13/(0, 0, 0)
316/431/13/(0, 0, 0)
315/431/13/(0, 0, 0)
318/432/13/(0, 0, 0)
318/432/13/(0, 0, 0)
319/431/13/(0, 0, 0)
321/432/13/(0, 0, 0)
321/432/13/(0, 0, 0)
321/432/13/(0, 0, 0)
324/432/13/(0, 0, 0)
324/432/13/(0, 0, 0)
325/432/13/(0, 0, 0)
325/432/13/(0, 0, 0)
328/432/13/(0, 0, 0)
328/432/13/(0, 0, 0)
328/432/13/(0, 0, 0)
329/433/13/(0, 0, 0)
329/433/13/(0, 0, 0)
331/434/13/(0, 0, 0)
331/434/13/(0, 0, 0)
331/434/13/(0, 0, 0)
332/434/13/(0, 0, 0)
332/433/13/(0, 0, 0)
332/433/13/(0, 0, 0)
333/434/13/(0, 0, 0)
333/434/13/(0, 0, 0)
333/434/13/(0, 0, 0)
333/434/13/(0, 0, 0)
333/434/13/(0, 0, 0)
333/434/13/(0, 0, 0)
333/434/13/(0, 0, 0)
333/434/13/(0, 0, 0)
333/434/13/(0, 0, 0)
333/433/13/(0, 0, 0)
334/434/13/(0, 0, 0)
334/434/13/(0, 0, 0)
334/434/13/(0, 0, 0)
335/434/13/(0, 0, 0)
335/434/13/(0, 0, 0)
335/434/13/(0, 0, 0)
338/434/13/(0, 0, 0)
338/434/13/(0, 0, 0)
338/434/13/(0, 0, 0)
340/434/13/(0, 0, 0)
340/434/13/(0, 0, 0)
340/434/13/(0, 0, 0)
345/434/13/(0, 0, 0)
345/434/13/(0, 0, 0)
345/434/13/(0, 0, 0)
350/434/13/(0, 0, 0)
350/434/13/(0, 0, 0)
350/434/13/(0, 0, 0)
352/434/13/(0, 0, 0)
352/434/13/(0, 0, 0)
352/434/13/(0, 0, 0)
356/434/13/(0, 0, 0)
356/434/13/(0, 0, 0)
356/434/13/(0, 0, 0)
362/434/13/(0, 0, 0)
362/434/13/(0, 0, 0)
361/434/13/(0, 0, 0)
367/434/13/(0, 0, 0)
367/434/13/(0, 0, 0)
367/434/13/(0, 0, 0)
374/434/13/(0, 0, 0)
374/434/13/(0, 0, 0)
374/434/13/(0, 0, 0)
379/434/13/(0, 0, 0)
379/434/13/(0, 0, 0)
379/434/13/(0, 0, 0)
384/434/13/(0, 0, 0)
384/434/13/(0, 0, 0)
384/434/13/(0, 0, 0)
389/434/13/(0, 0, 0)
389/434/13/(0, 0, 0)
389/434/13/(0, 0, 0)
390/434/13/(0, 0, 0)
390/434/13/(0, 0, 0)
390/434/13/(0, 0, 0)
392/434/13/(0, 0, 0)
392/434/13/(0, 0, 0)
392/434/13/(0, 0, 0)
393/433/13/(0, 0, 0)
393/433/13/(0, 0, 0)
393/433/13/(0, 0, 0)
393/433/13/(0, 0, 0)
394/432/13/(0, 0, 0)
394/432/13/(0, 0, 0)
394/432/13/(0, 0, 0)
394/431/13/(0, 0, 0)
394/431/13/(0, 0, 0)
395/430/13/(0, 0, 0)
395/430/13/(0, 0, 0)
395/430/13/(0, 0, 0)
396/428/13/(0, 0, 0)
396/428/13/(0, 0, 0)
397/425/13/(0, 0, 0)
397/425/13/(0, 0, 0)
399/422/13/(0, 0, 0)
399/422/13/(0, 0, 0)
402/418/13/(0, 0, 0)
402/418/13/(0, 0, 0)
406/415/13/(0, 0, 0)
406/415/13/(0, 0, 0)
406/415/13/(0, 0, 0)
411/412/13/(0, 0, 0)
411/412/13/(0, 0, 0)
411/412/13/(0, 0, 0)
414/410/13/(0, 0, 0)
414/410/13/(0, 0, 0)
414/410/13/(0, 0, 0)
420/407/13/(0, 0, 0)
420/407/13/(0, 0, 0)
420/407/13/(0, 0, 0)
427/404/13/(0, 0, 0)
427/404/13/(0, 0, 0)
427/404/13/(0, 0, 0)
433/401/13/(0, 0, 0)
433/401/13/(0, 0, 0)
433/401/13/(0, 0, 0)
439/397/13/(0, 0, 0)
439/397/13/(0, 0, 0)
439/397/13/(0, 0, 0)
445/393/13/(0, 0, 0)
445/393/13/(0, 0, 0)
445/393/13/(0, 0, 0)
450/390/13/(0, 0, 0)
450/390/13/(0, 0, 0)
450/390/13/(0, 0, 0)
452/388/13/(0, 0, 0)
452/388/13/(0, 0, 0)
452/388/13/(0, 0, 0)
452/388/13/(0, 0, 0)
454/387/13/(0, 0, 0)
454/387/13/(0, 0, 0)
454/387/13/(0, 0, 0)
457/384/13/(0, 0, 0)
457/384/13/(0, 0, 0)
457/384/13/(0, 0, 0)
459/383/13/(0, 0, 0)
459/383/13/(0, 0, 0)
459/383/13/(0, 0, 0)
460/381/13/(0, 0, 0)
460/381/13/(0, 0, 0)
460/381/13/(0, 0, 0)
462/380/13/(0, 0, 0)
462/380/13/(0, 0, 0)
462/380/13/(0, 0, 0)
464/377/13/(0, 0, 0)
464/377/13/(0, 0, 0)
464/377/13/(0, 0, 0)
465/374/13/(0, 0, 0)
465/374/13/(0, 0, 0)
465/374/13/(0, 0, 0)
466/373/13/(0, 0, 0)
466/373/13/(0, 0, 0)
466/373/13/(0, 0, 0)
467/371/13/(0, 0, 0)
467/371/13/(0, 0, 0)
467/371/13/(0, 0, 0)
469/369/13/(0, 0, 0)
469/369/13/(0, 0, 0)
469/369/13/(0, 0, 0)
470/367/13/(0, 0, 0)
470/367/13/(0, 0, 0)
470/367/13/(0, 0, 0)
472/364/13/(0, 0, 0)
472/364/13/(0, 0, 0)
472/364/13/(0, 0, 0)
472/362/13/(0, 0, 0)
472/362/13/(0, 0, 0)
472/362/13/(0, 0, 0)
474/359/13/(0, 0, 0)
474/359/13/(0, 0, 0)
474/359/13/(0, 0, 0)
475/356/13/(0, 0, 0)
475/356/13/(0, 0, 0)
475/356/13/(0, 0, 0)
475/356/13/(0, 0, 0)
476/354/13/(0, 0, 0)
476/354/13/(0, 0, 0)
478/350/13/(0, 0, 0)
478/350/13/(0, 0, 0)
478/350/13/(0, 0, 0)
478/350/13/(0, 0, 0)
479/348/13/(0, 0, 0)
479/348/13/(0, 0, 0)
479/348/13/(0, 0, 0)
480/344/13/(0, 0, 0)
480/344/13/(0, 0, 0)
480/344/13/(0, 0, 0)
481/342/13/(0, 0, 0)
481/342/13/(0, 0, 0)
481/342/13/(0, 0, 0)
481/339/13/(0, 0, 0)
481/339/13/(0, 0, 0)
482/337/13/(0, 0, 0)
482/337/13/(0, 0, 0)
482/337/13/(0, 0, 0)
483/335/13/(0, 0, 0)
483/335/13/(0, 0, 0)
483/335/13/(0, 0, 0)
484/332/13/(0, 0, 0)
484/332/13/(0, 0, 0)
484/332/13/(0, 0, 0)
485/329/13/(0, 0, 0)
485/329/13/(0, 0, 0)
485/329/13/(0, 0, 0)
485/328/13/(0, 0, 0)
485/328/13/(0, 0, 0)
485/328/13/(0, 0, 0)
486/324/13/(0, 0, 0)
486/324/13/(0, 0, 0)
486/324/13/(0, 0, 0)
488/321/13/(0, 0, 0)
488/321/13/(0, 0, 0)
488/321/13/(0, 0, 0)
488/319/13/(0, 0, 0)
488/319/13/(0, 0, 0)
488/319/13/(0, 0, 0)
489/317/13/(0, 0, 0)
489/317/13/(0, 0, 0)
489/317/13/(0, 0, 0)
489/316/13/(0, 0, 0)
489/316/13/(0, 0, 0)
489/316/13/(0, 0, 0)
490/315/13/(0, 0, 0)
490/315/13/(0, 0, 0)
490/315/13/(0, 0, 0)
490/313/13/(0, 0, 0)
490/313/13/(0, 0, 0)
490/313/13/(0, 0, 0)
490/311/13/(0, 0, 0)
490/311/13/(0, 0, 0)
490/311/13/(0, 0, 0)
490/310/13/(0, 0, 0)
490/310/13/(0, 0, 0)
490/309/13/(0, 0, 0)
490/309/13/(0, 0, 0)
490/309/13/(0, 0, 0)
490/307/13/(0, 0, 0)
490/307/13/(0, 0, 0)
490/307/13/(0, 0, 0)
490/306/13/(0, 0, 0)
490/306/13/(0, 0, 0)
490/306/13/(0, 0, 0)
490/305/13/(0, 0, 0)
490/305/13/(0, 0, 0)
490/305/13/(0, 0, 0)
491/303/13/(0, 0, 0)
491/303/13/(0, 0, 0)
491/303/13/(0, 0, 0)
491/303/13/(0, 0, 0)
491/303/13/(0, 0, 0)
491/301/13/(0, 0, 0)
491/301/13/(0, 0, 0)
491/301/13/(0, 0, 0)
491/301/13/(0, 0, 0)
491/301/13/(0, 0, 0)
491/300/13/(0, 0, 0)
491/300/13/(0, 0, 0)
491/300/13/(0, 0, 0)
491/299/13/(0, 0, 0)
491/299/13/(0, 0, 0)
491/299/13/(0, 0, 0)
491/298/13/(0, 0, 0)
491/298/13/(0, 0, 0)
491/298/13/(0, 0, 0)
491/298/13/(0, 0, 0)
491/298/13/(0, 0, 0)
491/298/13/(0, 0, 0)
491/297/13/(0, 0, 0)
491/297/13/(0, 0, 0)
491/297/13/(0, 0, 0)
491/296/13/(0, 0, 0)
491/296/13/(0, 0, 0)
491/296/13/(0, 0, 0)
491/294/13/(0, 0, 0)
491/294/13/(0, 0, 0)
491/294/13/(0, 0, 0)
491/293/13/(0, 0, 0)
491/293/13/(0, 0, 0)
491/293/13/(0, 0, 0)
491/291/13/(0, 0, 0)
491/291/13/(0, 0, 0)
491/291/13/(0, 0, 0)
491/289/13/(0, 0, 0)
491/289/13/(0, 0, 0)
491/288/13/(0, 0, 0)
491/288/13/(0, 0, 0)
491/288/13/(0, 0, 0)
491/288/13/(0, 0, 0)
491/286/13/(0, 0, 0)
491/286/13/(0, 0, 0)
491/285/13/(0, 0, 0)
491/285/13/(0, 0, 0)
491/285/13/(0, 0, 0)
491/283/13/(0, 0, 0)
491/283/13/(0, 0, 0)
491/282/13/(0, 0, 0)
491/282/13/(0, 0, 0)
491/281/13/(0, 0, 0)
491/281/13/(0, 0, 0)
491/280/13/(0, 0, 0)
491/278/13/(0, 0, 0)
491/278/13/(0, 0, 0)
491/275/13/(0, 0, 0)
491/275/13/(0, 0, 0)
491/272/13/(0, 0, 0)
491/272/13/(0, 0, 0)
491/272/13/(0, 0, 0)
491/271/13/(0, 0, 0)
491/271/13/(0, 0, 0)
491/271/13/(0, 0, 0)
491/269/13/(0, 0, 0)
491/269/13/(0, 0, 0)
491/269/13/(0, 0, 0)
490/267/13/(0, 0, 0)
490/267/13/(0, 0, 0)
490/265/13/(0, 0, 0)
490/265/13/(0, 0, 0)
490/265/13/(0, 0, 0)
489/262/13/(0, 0, 0)
489/262/13/(0, 0, 0)
489/262/13/(0, 0, 0)
489/261/13/(0, 0, 0)
489/261/13/(0, 0, 0)
489/261/13/(0, 0, 0)
488/259/13/(0, 0, 0)
488/259/13/(0, 0, 0)
488/259/13/(0, 0, 0)
488/258/13/(0, 0, 0)
488/258/13/(0, 0, 0)
488/258/13/(0, 0, 0)
488/257/13/(0, 0, 0)
488/257/13/(0, 0, 0)
488/257/13/(0, 0, 0)
488/257/13/(0, 0, 0)
488/257/13/(0, 0, 0)
486/255/13/(0, 0, 0)
486/255/13/(0, 0, 0)
486/255/13/(0, 0, 0)
486/255/13/(0, 0, 0)
486/255/13/(0, 0, 0)
486/255/13/(0, 0, 0)
486/255/13/(0, 0, 0)
486/255/13/(0, 0, 0)
486/255/13/(0, 0, 0)
485/254/13/(0, 0, 0)
485/254/13/(0, 0, 0)
485/254/13/(0, 0, 0)
485/253/13/(0, 0, 0)
485/253/13/(0, 0, 0)
484/253/13/(0, 0, 0)
484/253/13/(0, 0, 0)
484/253/13/(0, 0, 0)
483/253/13/(0, 0, 0)
483/253/13/(0, 0, 0)
483/253/13/(0, 0, 0)
482/252/13/(0, 0, 0)
482/252/13/(0, 0, 0)
482/252/13/(0, 0, 0)
482/252/13/(0, 0, 0)
482/252/13/(0, 0, 0)
482/252/13/(0, 0, 0)
481/251/13/(0, 0, 0)
481/251/13/(0, 0, 0)
481/251/13/(0, 0, 0)
480/251/13/(0, 0, 0)
480/251/13/(0, 0, 0)
478/250/13/(0, 0, 0)
478/250/13/(0, 0, 0)
478/250/13/(0, 0, 0)
476/248/13/(0, 0, 0)
476/248/13/(0, 0, 0)
476/248/13/(0, 0, 0)
473/247/13/(0, 0, 0)
473/247/13/(0, 0, 0)
473/247/13/(0, 0, 0)
470/244/13/(0, 0, 0)
470/244/13/(0, 0, 0)
470/244/13/(0, 0, 0)
467/241/13/(0, 0, 0)
467/241/13/(0, 0, 0)
462/239/13/(0, 0, 0)
462/239/13/(0, 0, 0)
462/239/13/(0, 0, 0)
456/235/13/(0, 0, 0)
456/235/13/(0, 0, 0)
456/235/13/(0, 0, 0)
451/230/13/(0, 0, 0)
451/230/13/(0, 0, 0)
451/230/13/(0, 0, 0)
450/228/13/(0, 0, 0)
450/228/13/(0, 0, 0)
450/228/13/(0, 0, 0)
448/225/13/(0, 0, 0)
448/225/13/(0, 0, 0)
447/223/13/(0, 0, 0)
447/223/13/(0, 0, 0)
447/223/13/(0, 0, 0)
445/221/13/(0, 0, 0)
445/221/13/(0, 0, 0)
445/221/13/(0, 0, 0)
443/219/13/(0, 0, 0)
443/219/13/(0, 0, 0)
442/219/13/(0, 0, 0)
442/219/13/(0, 0, 0)
442/219/13/(0, 0, 0)
442/218/13/(0, 0, 0)
442/218/13/(0, 0, 0)
442/218/13/(0, 0, 0)
440/217/13/(0, 0, 0)
440/217/13/(0, 0, 0)
439/214/13/(0, 0, 0)
439/214/13/(0, 0, 0)
439/214/13/(0, 0, 0)
439/213/13/(0, 0, 0)
439/213/13/(0, 0, 0)
439/213/13/(0, 0, 0)
437/210/13/(0, 0, 0)
437/210/13/(0, 0, 0)
437/208/13/(0, 0, 0)
437/208/13/(0, 0, 0)
437/208/13/(0, 0, 0)
436/204/13/(0, 0, 0)
436/204/13/(0, 0, 0)
436/204/13/(0, 0, 0)
434/199/13/(0, 0, 0)
434/199/13/(0, 0, 0)
434/194/13/(0, 0, 0)
434/194/13/(0, 0, 0)
434/194/13/(0, 0, 0)
433/191/13/(0, 0, 0)
433/191/13/(0, 0, 0)
433/191/13/(0, 0, 0)
431/186/13/(0, 0, 0)
431/186/13/(0, 0, 0)
431/186/13/(0, 0, 0)
431/183/13/(0, 0, 0)
431/183/13/(0, 0, 0)
430/180/13/(0, 0, 0)
430/180/13/(0, 0, 0)
430/180/13/(0, 0, 0)
430/178/13/(0, 0, 0)
430/178/13/(0, 0, 0)
430/178/13/(0, 0, 0)
429/176/13/(0, 0, 0)
429/176/13/(0, 0, 0)
429/176/13/(0, 0, 0)
429/174/13/(0, 0, 0)
429/174/13/(0, 0, 0)
427/170/13/(0, 0, 0)
427/170/13/(0, 0, 0)
427/170/13/(0, 0, 0)
427/169/13/(0, 0, 0)
427/169/13/(0, 0, 0)
427/169/13/(0, 0, 0)
427/167/13/(0, 0, 0)
427/167/13/(0, 0, 0)
427/167/13/(0, 0, 0)
427/165/13/(0, 0, 0)
427/165/13/(0, 0, 0)
426/163/13/(0, 0, 0)
426/163/13/(0, 0, 0)
426/163/13/(0, 0, 0)
426/163/13/(0, 0, 0)
426/163/13/(0, 0, 0)
426/163/13/(0, 0, 0)
425/161/13/(0, 0, 0)
425/161/13/(0, 0, 0)
425/161/13/(0, 0, 0)
425/161/13/(0, 0, 0)
425/161/13/(0, 0, 0)
425/161/13/(0, 0, 0)
425/161/13/(0, 0, 0)
425/161/13/(0, 0, 0)
425/160/13/(0, 0, 0)
425/160/13/(0, 0, 0)
425/160/13/(0, 0, 0)
425/160/13/(0, 0, 0)
425/160/13/(0, 0, 0)
425/158/13/(0, 0, 0)
425/158/13/(0, 0, 0)
425/158/13/(0, 0, 0)
423/157/13/(0, 0, 0)
423/157/13/(0, 0, 0)
423/157/13/(0, 0, 0)
423/157/13/(0, 0, 0)
423/157/13/(0, 0, 0)
423/156/13/(0, 0, 0)
423/156/13/(0, 0, 0)
423/156/13/(0, 0, 0)
422/154/13/(0, 0, 0)
422/154/13/(0, 0, 0)
422/154/13/(0, 0, 0)
420/152/13/(0, 0, 0)
420/152/13/(0, 0, 0)
420/152/13/(0, 0, 0)
420/151/13/(0, 0, 0)
420/151/13/(0, 0, 0)
418/149/13/(0, 0, 0)
418/149/13/(0, 0, 0)
418/149/13/(0, 0, 0)
417/147/13/(0, 0, 0)
417/147/13/(0, 0, 0)
417/147/13/(0, 0, 0)
416/146/13/(0, 0, 0)
416/146/13/(0, 0, 0)
414/142/13/(0, 0, 0)
414/142/13/(0, 0, 0)
414/142/13/(0, 0, 0)
413/142/13/(0, 0, 0)
413/142/13/(0, 0, 0)
413/142/13/(0, 0, 0)
412/140/13/(0, 0, 0)
412/140/13/(0, 0, 0)
410/138/13/(0, 0, 0)
410/138/13/(0, 0, 0)
410/138/13/(0, 0, 0)
408/136/13/(0, 0, 0)
408/136/13/(0, 0, 0)
408/136/13/(0, 0, 0)
408/136/13/(0, 0, 0)
408/136/13/(0, 0, 0)
407/135/13/(0, 0, 0)
407/135/13/(0, 0, 0)
407/135/13/(0, 0, 0)
406/134/13/(0, 0, 0)
406/134/13/(0, 0, 0)
406/134/13/(0, 0, 0)
404/132/13/(0, 0, 0)
404/132/13/(0, 0, 0)
404/132/13/(0, 0, 0)
404/132/13/(0, 0, 0)
404/132/13/(0, 0, 0)
402/130/13/(0, 0, 0)
402/130/13/(0, 0, 0)
402/130/13/(0, 0, 0)
400/129/13/(0, 0, 0)
400/129/13/(0, 0, 0)
400/129/13/(0, 0, 0)
400/128/13/(0, 0, 0)
400/128/13/(0, 0, 0)
398/128/13/(0, 0, 0)
398/128/13/(0, 0, 0)
398/128/13/(0, 0, 0)
395/125/13/(0, 0, 0)
395/125/13/(0, 0, 0)
394/125/13/(0, 0, 0)
394/125/13/(0, 0, 0)
394/125/13/(0, 0, 0)
392/123/13/(0, 0, 0)
392/123/13/(0, 0, 0)
392/123/13/(0, 0, 0)
391/123/13/(0, 0, 0)
391/123/13/(0, 0, 0)
389/121/13/(0, 0, 0)
389/121/13/(0, 0, 0)
389/121/13/(0, 0, 0)
389/121/13/(0, 0, 0)
389/121/13/(0, 0, 0)
386/119/13/(0, 0, 0)
386/119/13/(0, 0, 0)
386/119/13/(0, 0, 0)
384/119/13/(0, 0, 0)
384/119/13/(0, 0, 0)
384/119/13/(0, 0, 0)
381/117/13/(0, 0, 0)
381/117/13/(0, 0, 0)
379/117/13/(0, 0, 0)
379/117/13/(0, 0, 0)
379/117/13/(0, 0, 0)
376/116/13/(0, 0, 0)
376/116/13/(0, 0, 0)
376/116/13/(0, 0, 0)
373/115/13/(0, 0, 0)
373/115/13/(0, 0, 0)
371/114/13/(0, 0, 0)
371/114/13/(0, 0, 0)
371/114/13/(0, 0, 0)
368/112/13/(0, 0, 0)
368/112/13/(0, 0, 0)
368/112/13/(0, 0, 0)
365/112/13/(0, 0, 0)
365/112/13/(0, 0, 0)
363/110/13/(0, 0, 0)
363/110/13/(0, 0, 0)
363/110/13/(0, 0, 0)
360/109/13/(0, 0, 0)
360/109/13/(0, 0, 0)
358/109/13/(0, 0, 0)
358/109/13/(0, 0, 0)
354/108/13/(0, 0, 0)
354/108/13/(0, 0, 0)
351/107/13/(0, 0, 0)
351/107/13/(0, 0, 0)
351/107/13/(0, 0, 0)
349/106/13/(0, 0, 0)
349/106/13/(0, 0, 0)
349/106/13/(0, 0, 0)
347/106/13/(0, 0, 0)
347/106/13/(0, 0, 0)
345/105/13/(0, 0, 0)
345/105/13/(0, 0, 0)
345/105/13/(0, 0, 0)
343/103/13/(0, 0, 0)
343/103/13/(0, 0, 0)
343/103/13/(0, 0, 0)
340/103/13/(0, 0, 0)
340/103/13/(0, 0, 0)
338/103/13/(0, 0, 0)
338/103/13/(0, 0, 0)
338/103/13/(0, 0, 0)
336/101/13/(0, 0, 0)
336/101/13/(0, 0, 0)
334/101/13/(0, 0, 0)
334/101/13/(0, 0, 0)
334/101/13/(0, 0, 0)
332/100/13/(0, 0, 0)
332/100/13/(0, 0, 0)
329/99/13/(0, 0, 0)
329/99/13/(0, 0, 0)
329/99/13/(0, 0, 0)
327/99/13/(0, 0, 0)
327/99/13/(0, 0, 0)
325/97/13/(0, 0, 0)
325/97/13/(0, 0, 0)
325/97/13/(0, 0, 0)
324/97/13/(0, 0, 0)
324/97/13/(0, 0, 0)
324/97/13/(0, 0, 0)
321/97/13/(0, 0, 0)
321/97/13/(0, 0, 0)
317/95/13/(0, 0, 0)
317/95/13/(0, 0, 0)
317/95/13/(0, 0, 0)
316/95/13/(0, 0, 0)
316/95/13/(0, 0, 0)
312/93/13/(0, 0, 0)
312/93/13/(0, 0, 0)
312/93/13/(0, 0, 0)
309/92/13/(0, 0, 0)
309/92/13/(0, 0, 0)
307/92/13/(0, 0, 0)
307/92/13/(0, 0, 0)
307/92/13/(0, 0, 0)
302/90/13/(0, 0, 0)
302/90/13/(0, 0, 0)
300/90/13/(0, 0, 0)
300/90/13/(0, 0, 0)
300/90/13/(0, 0, 0)
296/90/13/(0, 0, 0)
296/90/13/(0, 0, 0)
293/89/13/(0, 0, 0)
293/89/13/(0, 0, 0)
293/89/13/(0, 0, 0)
291/89/13/(0, 0, 0)
291/89/13/(0, 0, 0)
288/89/13/(0, 0, 0)
288/89/13/(0, 0, 0)
288/89/13/(0, 0, 0)
287/89/13/(0, 0, 0)
287/89/13/(0, 0, 0)
286/89/13/(0, 0, 0)
286/89/13/(0, 0, 0)
286/89/13/(0, 0, 0)
286/88/13/(0, 0, 0)
286/88/13/(0, 0, 0)
285/88/13/(0, 0, 0)
285/88/13/(0, 0, 0)
285/88/13/(0, 0, 0)
283/88/13/(0, 0, 0)
283/88/13/(0, 0, 0)
282/87/13/(0, 0, 0)
282/87/13/(0, 0, 0)
282/87/13/(0, 0, 0)
281/87/13/(0, 0, 0)
281/87/13/(0, 0, 0)
281/87/13/(0, 0, 0)
281/87/13/(0, 0, 0)
281/87/13/(0, 0, 0)
278/87/13/(0, 0, 0)
278/87/13/(0, 0, 0)
276/87/13/(0, 0, 0)
276/87/13/(0, 0, 0)
276/87/13/(0, 0, 0)
273/87/13/(0, 0, 0)
273/87/13/(0, 0, 0)
271/87/13/(0, 0, 0)
271/87/13/(0, 0, 0)
271/87/13/(0, 0, 0)
268/87/13/(0, 0, 0)
268/87/13/(0, 0, 0)
265/87/13/(0, 0, 0)
265/87/13/(0, 0, 0)
265/87/13/(0, 0, 0)
261/87/13/(0, 0, 0)
261/87/13/(0, 0, 0)
258/87/13/(0, 0, 0)
258/87/13/(0, 0, 0)
258/87/13/(0, 0, 0)
254/87/13/(0, 0, 0)
254/87/13/(0, 0, 0)
250/87/13/(0, 0, 0)
250/87/13/(0, 0, 0)
250/87/13/(0, 0, 0)
247/87/13/(0, 0, 0)
247/87/13/(0, 0, 0)
247/87/13/(0, 0, 0)
244/87/13/(0, 0, 0)
244/87/13/(0, 0, 0)
240/87/13/(0, 0, 0)
240/87/13/(0, 0, 0)
238/87/13/(0, 0, 0)
238/87/13/(0, 0, 0)
238/87/13/(0, 0, 0)
235/87/13/(0, 0, 0)
235/87/13/(0, 0, 0)
233/87/13/(0, 0, 0)
233/87/13/(0, 0, 0)
233/87/13/(0, 0, 0)
231/87/13/(0, 0, 0)
231/87/13/(0, 0, 0)
230/87/13/(0, 0, 0)
230/87/13/(0, 0, 0)
230/87/13/(0, 0, 0)
228/87/13/(0, 0, 0)
228/87/13/(0, 0, 0)
227/87/13/(0, 0, 0)
227/87/13/(0, 0, 0)
225/87/13/(0, 0, 0)
225/87/13/(0, 0, 0)
225/87/13/(0, 0, 0)
225/87/13/(0, 0, 0)
225/87/13/(0, 0, 0)
225/87/13/(0, 0, 0)
225/87/13/(0, 0, 0)
225/87/13/(0, 0, 0)
225/87/13/(0, 0, 0)
225/87/13/(0, 0, 0)
225/87/13/(0, 0, 0)
225/87/13/(0, 0, 0)
225/87/13/(0, 0, 0)
225/87/13/(0, 0, 0)
225/87/13/(0, 0, 0)
225/87/13/(0, 0, 0)
225/87/13/(0, 0, 0)
225/87/13/(0, 0, 0)
225/87/13/(0, 0, 0)
225/87/13/(0, 0, 0)
225/87/13/(0, 0, 0)
225/87/13/(0, 0, 0)
225/87/13/(0, 0, 0)
225/87/13/(0, 0, 0)
225/87/13/(0, 0, 0)
225/87/13/(0, 0, 0)
224/87/13/(0, 0, 0)
224/87/13/(0, 0, 0)
224/87/13/(0, 0, 0)
222/87/13/(0, 0, 0)
219/87/13/(0, 0, 0)
219/87/13/(0, 0, 0)
216/89/13/(0, 0, 0)
216/89/13/(0, 0, 0)
214/90/13/(0, 0, 0)
214/90/13/(0, 0, 0)
210/90/13/(0, 0, 0)
210/90/13/(0, 0, 0)
210/90/13/(0, 0, 0)
207/91/13/(0, 0, 0)
207/91/13/(0, 0, 0)
204/92/13/(0, 0, 0)
204/92/13/(0, 0, 0)
204/92/13/(0, 0, 0)
200/94/13/(0, 0, 0)
200/94/13/(0, 0, 0)
197/94/13/(0, 0, 0)
197/94/13/(0, 0, 0)
197/94/13/(0, 0, 0)
196/94/13/(0, 0, 0)
196/94/13/(0, 0, 0)
195/95/13/(0, 0, 0)
195/95/13/(0, 0, 0)
195/95/13/(0, 0, 0)
193/97/13/(0, 0, 0)
193/97/13/(0, 0, 0)
192/97/13/(0, 0, 0)
192/97/13/(0, 0, 0)
191/97/13/(0, 0, 0)
191/97/13/(0, 0, 0)
191/97/13/(0, 0, 0)
189/99/13/(0, 0, 0)
189/99/13/(0, 0, 0)
188/100/13/(0, 0, 0)
188/100/13/(0, 0, 0)
188/100/13/(0, 0, 0)
187/100/13/(0, 0, 0)
187/100/13/(0, 0, 0)
186/101/13/(0, 0, 0)
186/101/13/(0, 0, 0)
186/101/13/(0, 0, 0)
185/101/13/(0, 0, 0)
185/101/13/(0, 0, 0)
182/103/13/(0, 0, 0)
182/103/13/(0, 0, 0)
182/103/13/(0, 0, 0)
182/103/13/(0, 0, 0)
182/103/13/(0, 0, 0)
181/103/13/(0, 0, 0)
181/103/13/(0, 0, 0)
181/103/13/(0, 0, 0)
181/103/13/(0, 0, 0)
181/103/13/(0, 0, 0)
181/103/13/(0, 0, 0)
181/103/13/(0, 0, 0)
181/103/13/(0, 0, 0)
181/103/13/(0, 0, 0)
181/103/13/(0, 0, 0)
181/103/13/(0, 0, 0)
181/103/13/(0, 0, 0)
181/103/13/(0, 0, 0)
181/103/13/(0, 0, 0)
181/104/13/(0, 0, 0)
181/104/13/(0, 0, 0)
181/104/13/(0, 0, 0)
181/104/13/(0, 0, 0)
181/104/13/(0, 0, 0)
181/104/13/(0, 0, 0)
181/104/13/(0, 0, 0)
181/104/13/(0, 0, 0)
181/104/13/(0, 0, 0)
181/104/13/(0, 0, 0)
181/104/13/(0, 0, 0)
181/104/13/(0, 0, 0)
181/104/13/(0, 0, 0)
181/104/13/(0, 0, 0)
181/104/13/(0, 0, 0)
181/104/13/(0, 0, 0)
181/104/13/(0, 0, 0)
181/104/13/(0, 0, 0)
181/104/13/(0, 0, 0)
181/104/13/(0, 0, 0)
181/104/13/(0, 0, 0)
181/104/13/(0, 0, 0)
181/104/13/(0, 0, 0)
181/104/13/(0, 0, 0)
181/104/13/(0, 0, 0)
181/104/13/(0, 0, 0)
181/104/13/(0, 0, 0)
181/104/13/(0, 0, 0)
181/104/13/(0, 0, 0)
181/104/13/(0, 0, 0)
181/104/13/(0, 0, 0)
181/104/13/(0, 0, 0)
181/104/13/(0, 0, 0)
181/104/13/(0, 0, 0)
181/104/13/(0, 0, 0)
181/104/13/(0, 0, 0)
181/104/13/(0, 0, 0)
181/104/13/(0, 0, 0)
181/104/13/(0, 0, 0)
181/104/13/(0, 0, 0)
181/104/13/(0, 0, 0)
181/104/13/(0, 0, 0)
181/104/13/(0, 0, 0)
181/104/13/(0, 0, 0)
181/104/13/(0, 0, 0)
181/104/13/(0, 0, 0)
181/104/13/(0, 0, 0)
181/104/13/(0, 0, 0)
181/104/13/(0, 0, 0)
181/104/13/(0, 0, 0)
181/104/13/(0, 0, 0)
181/104/13/(0, 0, 0)
181/104/13/(0, 0, 0)
181/104/13/(0, 0, 0)
181/104/13/(0, 0, 0)
181/104/13/(0, 0, 0)
181/104/13/(0, 0, 0)
181/104/13/(0, 0, 0)
181/104/13/(0, 0, 0)
181/104/13/(0, 0, 0)
181/104/13/(0, 0, 0)
181/104/13/(0, 0, 0)
181/104/13/(0, 0, 0)
181/104/13/(0, 0, 0)
181/104/13/(0, 0, 0)
181/104/13/(0, 0, 0)
181/104/13/(0, 0, 0)
181/104/13/(0, 0, 0)
181/104/13/(0, 0, 0)
181/104/13/(0, 0, 0)
181/104/13/(0, 0, 0)
181/104/13/(0, 0, 0)
181/104/13/(0, 0, 0)
181/104/13/(0, 0, 0)
181/104/13/(0, 0, 0)
181/104/13/(0, 0, 0)
181/104/13/(0, 0, 0)
181/104/13/(0, 0, 0)
181/104/13/(0, 0, 0)
181/104/13/(0, 0, 0)
181/104/13/(0, 0, 0)
181/104/13/(0, 0, 0)
181/104/13/(0, 0, 0)
181/104/13/(0, 0, 0)
181/104/13/(0, 0, 0)
212/316/15/(0, 0, 255)
212/316/15/(0, 0, 255)
212/316/15/(0, 0, 255)
212/316/15/(0, 0, 255)
212/316/15/(0, 0, 255)
212/316/15/(0, 0, 255)
212/316/15/(0, 0, 255)
212/316/15/(0, 0, 255)
212/316/15/(0, 0, 255)
212/316/15/(0, 0, 255)
212/316/15/(0, 0, 255)
212/316/15/(0, 0, 255)
212/316/15/(0, 0, 255)
212/316/15/(0, 0, 255)
213/315/15/(0, 0, 255)
213/315/15/(0, 0, 255)
213/315/15/(0, 0, 255)
213/315/15/(0, 0, 255)
214/316/15/(0, 0, 255)
215/316/15/(0, 0, 255)
216/317/15/(0, 0, 255)
216/317/15/(0, 0, 255)
218/319/15/(0, 0, 255)
218/319/15/(0, 0, 255)
220/319/15/(0, 0, 255)
220/319/15/(0, 0, 255)
220/319/15/(0, 0, 255)
221/321/15/(0, 0, 255)
221/321/15/(0, 0, 255)
222/321/15/(0, 0, 255)
222/321/15/(0, 0, 255)
224/322/15/(0, 0, 255)
224/322/15/(0, 0, 255)
224/322/15/(0, 0, 255)
224/322/15/(0, 0, 255)
224/322/15/(0, 0, 255)
225/323/15/(0, 0, 255)
226/323/15/(0, 0, 255)
226/323/15/(0, 0, 255)
227/324/15/(0, 0, 255)
227/324/15/(0, 0, 255)
227/324/15/(0, 0, 255)
227/324/15/(0, 0, 255)
227/324/15/(0, 0, 255)
229/325/15/(0, 0, 255)
229/325/15/(0, 0, 255)
230/325/15/(0, 0, 255)
230/325/15/(0, 0, 255)
230/325/15/(0, 0, 255)
232/325/15/(0, 0, 255)
232/325/15/(0, 0, 255)
234/325/15/(0, 0, 255)
234/325/15/(0, 0, 255)
236/326/15/(0, 0, 255)
236/326/15/(0, 0, 255)
237/327/15/(0, 0, 255)
237/327/15/(0, 0, 255)
237/327/15/(0, 0, 255)
240/327/15/(0, 0, 255)
240/327/15/(0, 0, 255)
242/328/15/(0, 0, 255)
242/328/15/(0, 0, 255)
242/328/15/(0, 0, 255)
242/328/15/(0, 0, 255)
245/329/15/(0, 0, 255)
245/329/15/(0, 0, 255)
245/329/15/(0, 0, 255)
245/329/15/(0, 0, 255)
245/329/15/(0, 0, 255)
246/329/15/(0, 0, 255)
246/329/15/(0, 0, 255)
247/330/15/(0, 0, 255)
247/330/15/(0, 0, 255)
249/330/15/(0, 0, 255)
249/330/15/(0, 0, 255)
249/330/15/(0, 0, 255)
252/331/15/(0, 0, 255)
252/331/15/(0, 0, 255)
254/331/15/(0, 0, 255)
254/331/15/(0, 0, 255)
258/332/15/(0, 0, 255)
258/332/15/(0, 0, 255)
262/333/15/(0, 0, 255)
262/333/15/(0, 0, 255)
262/333/15/(0, 0, 255)
268/334/15/(0, 0, 255)
268/334/15/(0, 0, 255)
270/334/15/(0, 0, 255)
270/334/15/(0, 0, 255)
272/334/15/(0, 0, 255)
272/334/15/(0, 0, 255)
274/334/15/(0, 0, 255)
274/334/15/(0, 0, 255)
277/335/15/(0, 0, 255)
277/335/15/(0, 0, 255)
277/335/15/(0, 0, 255)
279/335/15/(0, 0, 255)
279/335/15/(0, 0, 255)
281/335/15/(0, 0, 255)
281/335/15/(0, 0, 255)
283/336/15/(0, 0, 255)
283/336/15/(0, 0, 255)
286/336/15/(0, 0, 255)
286/336/15/(0, 0, 255)
286/336/15/(0, 0, 255)
288/336/15/(0, 0, 255)
288/336/15/(0, 0, 255)
292/336/15/(0, 0, 255)
292/336/15/(0, 0, 255)
294/336/15/(0, 0, 255)
294/336/15/(0, 0, 255)
296/336/15/(0, 0, 255)
296/336/15/(0, 0, 255)
296/336/15/(0, 0, 255)
299/336/15/(0, 0, 255)
299/336/15/(0, 0, 255)
301/336/15/(0, 0, 255)
301/336/15/(0, 0, 255)
303/336/15/(0, 0, 255)
303/336/15/(0, 0, 255)
303/336/15/(0, 0, 255)
303/336/15/(0, 0, 255)
305/336/15/(0, 0, 255)
305/336/15/(0, 0, 255)
307/336/15/(0, 0, 255)
307/336/15/(0, 0, 255)
307/336/15/(0, 0, 255)
308/336/15/(0, 0, 255)
308/336/15/(0, 0, 255)
310/336/15/(0, 0, 255)
310/336/15/(0, 0, 255)
313/336/15/(0, 0, 255)
313/336/15/(0, 0, 255)
318/336/15/(0, 0, 255)
318/336/15/(0, 0, 255)
323/336/15/(0, 0, 255)
323/336/15/(0, 0, 255)
323/336/15/(0, 0, 255)
329/336/15/(0, 0, 255)
329/336/15/(0, 0, 255)
333/335/15/(0, 0, 255)
333/335/15/(0, 0, 255)
336/334/15/(0, 0, 255)
336/334/15/(0, 0, 255)
339/333/15/(0, 0, 255)
339/333/15/(0, 0, 255)
339/333/15/(0, 0, 255)
341/333/15/(0, 0, 255)
341/333/15/(0, 0, 255)
342/331/15/(0, 0, 255)
342/331/15/(0, 0, 255)
343/331/15/(0, 0, 255)
343/331/15/(0, 0, 255)
343/331/15/(0, 0, 255)
343/331/15/(0, 0, 255)
345/329/15/(0, 0, 255)
345/329/15/(0, 0, 255)
347/326/15/(0, 0, 255)
347/326/15/(0, 0, 255)
350/323/15/(0, 0, 255)
350/323/15/(0, 0, 255)
350/323/15/(0, 0, 255)
353/321/15/(0, 0, 255)
353/321/15/(0, 0, 255)
357/320/15/(0, 0, 255)
357/320/15/(0, 0, 255)
363/318/15/(0, 0, 255)
363/318/15/(0, 0, 255)
365/317/15/(0, 0, 255)
365/317/15/(0, 0, 255)
368/316/15/(0, 0, 255)
368/316/15/(0, 0, 255)
368/316/15/(0, 0, 255)
370/316/15/(0, 0, 255)
370/316/15/(0, 0, 255)
371/315/15/(0, 0, 255)
371/315/15/(0, 0, 255)
373/315/15/(0, 0, 255)
373/315/15/(0, 0, 255)
373/314/15/(0, 0, 255)
373/314/15/(0, 0, 255)
373/314/15/(0, 0, 255)
373/314/15/(0, 0, 255)
373/314/15/(0, 0, 255)
373/314/15/(0, 0, 255)
373/314/15/(0, 0, 255)
373/314/15/(0, 0, 255)
373/314/15/(0, 0, 255)
373/314/15/(0, 0, 255)
373/314/15/(0, 0, 255)
373/314/15/(0, 0, 255)
373/314/15/(0, 0, 255)
373/314/15/(0, 0, 255)
373/314/15/(0, 0, 255)
373/314/15/(0, 0, 255)
373/314/15/(0, 0, 255)
373/314/15/(0, 0, 255)
373/314/15/(0, 0, 255)
374/314/15/(0, 0, 255)
374/313/15/(0, 0, 255)
374/313/15/(0, 0, 255)
376/311/15/(0, 0, 255)
376/311/15/(0, 0, 255)
376/311/15/(0, 0, 255)
376/311/15/(0, 0, 255)
376/310/15/(0, 0, 255)
376/310/15/(0, 0, 255)
376/310/15/(0, 0, 255)
376/310/15/(0, 0, 255)
376/310/15/(0, 0, 255)
376/308/15/(0, 0, 255)
376/308/15/(0, 0, 255)
376/308/15/(0, 0, 255)
376/308/15/(0, 0, 255)
377/308/15/(0, 0, 255)
377/308/15/(0, 0, 255)
377/308/15/(0, 0, 255)
377/308/15/(0, 0, 255)
377/308/15/(0, 0, 255)
377/308/15/(0, 0, 255)
377/308/15/(0, 0, 255)
377/308/15/(0, 0, 255)
377/308/15/(0, 0, 255)
377/308/15/(0, 0, 255)
377/308/15/(0, 0, 255)
377/308/15/(0, 0, 255)
377/308/15/(0, 0, 255)
377/308/15/(0, 0, 255)
377/308/15/(0, 0, 255)
377/308/15/(0, 0, 255)
377/308/15/(0, 0, 255)
377/308/15/(0, 0, 255)
377/308/15/(0, 0, 255)
377/308/15/(0, 0, 255)
377/308/15/(0, 0, 255)
377/308/15/(0, 0, 255)
377/308/15/(0, 0, 255)
377/308/15/(0, 0, 255)
377/308/15/(0, 0, 255)
377/308/15/(0, 0, 255)
377/308/15/(0, 0, 255)
377/308/15/(0, 0, 255)
377/308/15/(0, 0, 255)
377/308/15/(0, 0, 255)
377/308/15/(0, 0, 255)
377/308/15/(0, 0, 255)
377/308/15/(0, 0, 255)
377/308/15/(0, 0, 255)
377/308/15/(0, 0, 255)
377/308/15/(0, 0, 255)
377/308/15/(0, 0, 255)
377/308/15/(0, 0, 255)
377/308/15/(0, 0, 255)
377/308/15/(0, 0, 255)
377/308/15/(0, 0, 255)
377/308/15/(0, 0, 255)
377/308/15/(0, 0, 255)
377/308/15/(0, 0, 255)
377/308/15/(0, 0, 255)
377/308/15/(0, 0, 255)
377/308/15/(0, 0, 255)
377/308/15/(0, 0, 255)
377/308/15/(0, 0, 255)
377/308/15/(0, 0, 255)
377/308/15/(0, 0, 255)
377/308/15/(0, 0, 255)
377/308/15/(0, 0, 255)
377/308/15/(0, 0, 255)
377/308/15/(0, 0, 255)
377/308/15/(0, 0, 255)
342/195/33/(255, 0, 0)
342/195/33/(255, 0, 0)
342/195/33/(255, 0, 0)
342/195/33/(255, 0, 0)
342/195/33/(255, 0, 0)
342/195/33/(255, 0, 0)
342/195/33/(255, 0, 0)
342/195/33/(255, 0, 0)
342/195/33/(255, 0, 0)
342/195/33/(255, 0, 0)
342/195/33/(255, 0, 0)
342/195/33/(255, 0, 0)
342/195/33/(255, 0, 0)
342/195/33/(255, 0, 0)
342/195/33/(255, 0, 0)
342/195/33/(255, 0, 0)
342/195/33/(255, 0, 0)
342/195/33/(255, 0, 0)
342/195/33/(255, 0, 0)
342/195/33/(255, 0, 0)
342/195/33/(255, 0, 0)
342/195/33/(255, 0, 0)
210/197/33/(255, 0, 0)
210/197/33/(255, 0, 0)
210/197/33/(255, 0, 0)
210/197/33/(255, 0, 0)
210/197/33/(255, 0, 0)
210/197/33/(255, 0, 0)
210/197/33/(255, 0, 0)
210/197/33/(255, 0, 0)
210/197/33/(255, 0, 0)
210/197/33/(255, 0, 0)
210/197/33/(255, 0, 0)
210/197/33/(255, 0, 0)
210/197/33/(255, 0, 0)
210/197/33/(255, 0, 0)
210/197/33/(255, 0, 0)
210/197/33/(255, 0, 0)
210/197/33/(255, 0, 0)
210/197/33/(255, 0, 0)
210/197/33/(255, 0, 0)
210/197/33/(255, 0, 0)
210/197/33/(255, 0, 0)
210/197/33/(255, 0, 0)
210/197/33/(255, 0, 0)
210/197/33/(255, 0, 0)
210/197/33/(255, 0, 0)
210/197/33/(255, 0, 0)
210/197/33/(255, 0, 0)
210/197/33/(255, 0, 0)
210/197/33/(255, 0, 0)
210/197/33/(255, 0, 0)
198/414/22/(0, 0, 0)
198/414/22/(0, 0, 0)
198/414/22/(0, 0, 0)
198/414/22/(0, 0, 0)
198/414/22/(0, 0, 0)
198/414/22/(0, 0, 0)
198/414/22/(0, 0, 0)
198/414/22/(0, 0, 0)
198/414/22/(0, 0, 0)
198/414/22/(0, 0, 0)
198/414/22/(0, 0, 0)
198/414/22/(0, 0, 0)
198/414/22/(0, 0, 0)
198/414/22/(0, 0, 0)
198/414/22/(0, 0, 0)
198/414/22/(0, 0, 0)
198/414/22/(0, 0, 0)
198/414/22/(0, 0, 0)
198/414/22/(0, 0, 0)
198/414/22/(0, 0, 0)
198/414/22/(0, 0, 0)
198/414/22/(0, 0, 0)
198/414/22/(0, 0, 0)
198/414/22/(0, 0, 0)
198/414/22/(0, 0, 0)
198/414/22/(0, 0, 0)
198/414/22/(0, 0, 0)
198/416/22/(0, 0, 0)
198/416/22/(0, 0, 0)
198/417/22/(0, 0, 0)
198/417/22/(0, 0, 0)
198/418/22/(0, 0, 0)
198/418/22/(0, 0, 0)
198/419/22/(0, 0, 0)
198/419/22/(0, 0, 0)
198/420/22/(0, 0, 0)
197/421/22/(0, 0, 0)
197/421/22/(0, 0, 0)
197/422/22/(0, 0, 0)
197/422/22/(0, 0, 0)
197/425/22/(0, 0, 0)
197/425/22/(0, 0, 0)
196/425/22/(0, 0, 0)
196/425/22/(0, 0, 0)
196/426/22/(0, 0, 0)
196/426/22/(0, 0, 0)
196/428/22/(0, 0, 0)
196/428/22/(0, 0, 0)
195/429/22/(0, 0, 0)
195/429/22/(0, 0, 0)
195/430/22/(0, 0, 0)
195/430/22/(0, 0, 0)
195/431/22/(0, 0, 0)
195/431/22/(0, 0, 0)
195/432/22/(0, 0, 0)
195/432/22/(0, 0, 0)
194/434/22/(0, 0, 0)
194/434/22/(0, 0, 0)
194/435/22/(0, 0, 0)
194/435/22/(0, 0, 0)
194/436/22/(0, 0, 0)
194/436/22/(0, 0, 0)
194/439/22/(0, 0, 0)
194/441/22/(0, 0, 0)
194/441/22/(0, 0, 0)
192/445/22/(0, 0, 0)
192/445/22/(0, 0, 0)
192/447/22/(0, 0, 0)
192/447/22/(0, 0, 0)
192/449/22/(0, 0, 0)
192/449/22/(0, 0, 0)
192/451/22/(0, 0, 0)
192/451/22/(0, 0, 0)
192/453/22/(0, 0, 0)
192/453/22/(0, 0, 0)
192/455/22/(0, 0, 0)
192/455/22/(0, 0, 0)
191/457/22/(0, 0, 0)
191/457/22/(0, 0, 0)
191/457/22/(0, 0, 0)
191/457/22/(0, 0, 0)
191/459/22/(0, 0, 0)
191/459/22/(0, 0, 0)
191/460/22/(0, 0, 0)
191/460/22/(0, 0, 0)
191/463/22/(0, 0, 0)
191/464/22/(0, 0, 0)
191/464/22/(0, 0, 0)
191/466/22/(0, 0, 0)
191/466/22/(0, 0, 0)
191/470/22/(0, 0, 0)
191/470/22/(0, 0, 0)
190/470/22/(0, 0, 0)
190/470/22/(0, 0, 0)
190/474/22/(0, 0, 0)
190/474/22/(0, 0, 0)
190/476/22/(0, 0, 0)
190/476/22/(0, 0, 0)
190/478/22/(0, 0, 0)
190/478/22/(0, 0, 0)
190/480/22/(0, 0, 0)
190/480/22/(0, 0, 0)
190/482/22/(0, 0, 0)
190/483/22/(0, 0, 0)
190/483/22/(0, 0, 0)
190/484/22/(0, 0, 0)
190/484/22/(0, 0, 0)
190/486/22/(0, 0, 0)
190/486/22/(0, 0, 0)
190/489/22/(0, 0, 0)
190/489/22/(0, 0, 0)
190/490/22/(0, 0, 0)
190/490/22/(0, 0, 0)
190/492/22/(0, 0, 0)
190/492/22/(0, 0, 0)
190/495/22/(0, 0, 0)
190/495/22/(0, 0, 0)
190/496/22/(0, 0, 0)
190/496/22/(0, 0, 0)
190/499/22/(0, 0, 0)
190/499/22/(0, 0, 0)
190/501/22/(0, 0, 0)
190/504/22/(0, 0, 0)
190/504/22/(0, 0, 0)
190/505/22/(0, 0, 0)
190/505/22/(0, 0, 0)
190/505/22/(0, 0, 0)
190/505/22/(0, 0, 0)
190/507/22/(0, 0, 0)
190/507/22/(0, 0, 0)
190/508/22/(0, 0, 0)
190/508/22/(0, 0, 0)
189/510/22/(0, 0, 0)
189/510/22/(0, 0, 0)
189/513/22/(0, 0, 0)
189/513/22/(0, 0, 0)
188/514/22/(0, 0, 0)
188/514/22/(0, 0, 0)
188/515/22/(0, 0, 0)
188/518/22/(0, 0, 0)
188/518/22/(0, 0, 0)
188/520/22/(0, 0, 0)
188/520/22/(0, 0, 0)
188/521/22/(0, 0, 0)
188/521/22/(0, 0, 0)
188/524/22/(0, 0, 0)
188/524/22/(0, 0, 0)
188/526/22/(0, 0, 0)
188/526/22/(0, 0, 0)
186/528/22/(0, 0, 0)
186/528/22/(0, 0, 0)
186/531/22/(0, 0, 0)
186/531/22/(0, 0, 0)
186/533/22/(0, 0, 0)
186/533/22/(0, 0, 0)
186/533/22/(0, 0, 0)
185/535/22/(0, 0, 0)
185/535/22/(0, 0, 0)
185/535/22/(0, 0, 0)
185/535/22/(0, 0, 0)
185/537/22/(0, 0, 0)
185/537/22/(0, 0, 0)
185/537/22/(0, 0, 0)
185/537/22/(0, 0, 0)
185/537/22/(0, 0, 0)
185/537/22/(0, 0, 0)
185/537/22/(0, 0, 0)
185/537/22/(0, 0, 0)
185/537/22/(0, 0, 0)
185/538/22/(0, 0, 0)
185/538/22/(0, 0, 0)
185/538/22/(0, 0, 0)
185/538/22/(0, 0, 0)
185/538/22/(0, 0, 0)
185/538/22/(0, 0, 0)
185/538/22/(0, 0, 0)
185/538/22/(0, 0, 0)
185/538/22/(0, 0, 0)
185/538/22/(0, 0, 0)
185/540/22/(0, 0, 0)
185/540/22/(0, 0, 0)
184/541/22/(0, 0, 0)
184/541/22/(0, 0, 0)
184/541/22/(0, 0, 0)
184/542/22/(0, 0, 0)
184/542/22/(0, 0, 0)
184/543/22/(0, 0, 0)
184/543/22/(0, 0, 0)
184/543/22/(0, 0, 0)
184/543/22/(0, 0, 0)
184/543/22/(0, 0, 0)
184/543/22/(0, 0, 0)
184/543/22/(0, 0, 0)
184/543/22/(0, 0, 0)
184/543/22/(0, 0, 0)
184/543/22/(0, 0, 0)
184/543/22/(0, 0, 0)
184/543/22/(0, 0, 0)
184/543/22/(0, 0, 0)
184/543/22/(0, 0, 0)
184/543/22/(0, 0, 0)
184/543/22/(0, 0, 0)
184/543/22/(0, 0, 0)
184/544/22/(0, 0, 0)
184/544/22/(0, 0, 0)
184/544/22/(0, 0, 0)
184/544/22/(0, 0, 0)
184/544/22/(0, 0, 0)
184/544/22/(0, 0, 0)
184/544/22/(0, 0, 0)
184/544/22/(0, 0, 0)
184/544/22/(0, 0, 0)
184/544/22/(0, 0, 0)
184/544/22/(0, 0, 0)
184/544/22/(0, 0, 0)
184/544/22/(0, 0, 0)
184/544/22/(0, 0, 0)
184/544/22/(0, 0, 0)
184/544/22/(0, 0, 0)
184/544/22/(0, 0, 0)
184/544/22/(0, 0, 0)
184/544/22/(0, 0, 0)
184/544/22/(0, 0, 0)
184/544/22/(0, 0, 0)
184/544/22/(0, 0, 0)
184/544/22/(0, 0, 0)
184/544/22/(0, 0, 0)
184/544/22/(0, 0, 0)
184/544/22/(0, 0, 0)
184/544/22/(0, 0, 0)
184/544/22/(0, 0, 0)
184/545/22/(0, 0, 0)
185/545/22/(0, 0, 0)
185/545/22/(0, 0, 0)
185/545/22/(0, 0, 0)
186/546/22/(0, 0, 0)
189/546/22/(0, 0, 0)
189/546/22/(0, 0, 0)
190/546/22/(0, 0, 0)
193/546/22/(0, 0, 0)
193/546/22/(0, 0, 0)
197/546/22/(0, 0, 0)
197/546/22/(0, 0, 0)
200/546/22/(0, 0, 0)
200/546/22/(0, 0, 0)
202/546/22/(0, 0, 0)
206/546/22/(0, 0, 0)
206/546/22/(0, 0, 0)
211/546/22/(0, 0, 0)
211/546/22/(0, 0, 0)
213/546/22/(0, 0, 0)
213/546/22/(0, 0, 0)
216/546/22/(0, 0, 0)
218/546/22/(0, 0, 0)
218/546/22/(0, 0, 0)
219/546/22/(0, 0, 0)
219/546/22/(0, 0, 0)
221/546/22/(0, 0, 0)
222/546/22/(0, 0, 0)
222/546/22/(0, 0, 0)
225/546/22/(0, 0, 0)
225/546/22/(0, 0, 0)
226/546/22/(0, 0, 0)
226/546/22/(0, 0, 0)
226/546/22/(0, 0, 0)
228/546/22/(0, 0, 0)
228/546/22/(0, 0, 0)
229/546/22/(0, 0, 0)
229/546/22/(0, 0, 0)
231/546/22/(0, 0, 0)
231/546/22/(0, 0, 0)
232/546/22/(0, 0, 0)
232/546/22/(0, 0, 0)
233/546/22/(0, 0, 0)
233/546/22/(0, 0, 0)
236/546/22/(0, 0, 0)
236/546/22/(0, 0, 0)
236/546/22/(0, 0, 0)
238/546/22/(0, 0, 0)
238/546/22/(0, 0, 0)
239/546/22/(0, 0, 0)
239/546/22/(0, 0, 0)
239/546/22/(0, 0, 0)
240/546/22/(0, 0, 0)
240/546/22/(0, 0, 0)
241/546/22/(0, 0, 0)
241/546/22/(0, 0, 0)
242/546/22/(0, 0, 0)
242/546/22/(0, 0, 0)
246/546/22/(0, 0, 0)
249/546/22/(0, 0, 0)
249/546/22/(0, 0, 0)
253/546/22/(0, 0, 0)
253/546/22/(0, 0, 0)
256/546/22/(0, 0, 0)
256/546/22/(0, 0, 0)
259/546/22/(0, 0, 0)
259/546/22/(0, 0, 0)
261/546/22/(0, 0, 0)
263/546/22/(0, 0, 0)
263/546/22/(0, 0, 0)
265/546/22/(0, 0, 0)
265/546/22/(0, 0, 0)
266/546/22/(0, 0, 0)
266/546/22/(0, 0, 0)
267/546/22/(0, 0, 0)
267/546/22/(0, 0, 0)
267/546/22/(0, 0, 0)
267/546/22/(0, 0, 0)
267/546/22/(0, 0, 0)
267/546/22/(0, 0, 0)
267/546/22/(0, 0, 0)
268/546/22/(0, 0, 0)
268/546/22/(0, 0, 0)
269/546/22/(0, 0, 0)
269/546/22/(0, 0, 0)
271/546/22/(0, 0, 0)
273/546/22/(0, 0, 0)
273/546/22/(0, 0, 0)
276/546/22/(0, 0, 0)
276/546/22/(0, 0, 0)
280/546/22/(0, 0, 0)
280/546/22/(0, 0, 0)
282/546/22/(0, 0, 0)
284/546/22/(0, 0, 0)
284/546/22/(0, 0, 0)
285/546/22/(0, 0, 0)
285/546/22/(0, 0, 0)
286/546/22/(0, 0, 0)
286/546/22/(0, 0, 0)
287/546/22/(0, 0, 0)
287/546/22/(0, 0, 0)
287/546/22/(0, 0, 0)
287/546/22/(0, 0, 0)
287/546/22/(0, 0, 0)
288/546/22/(0, 0, 0)
288/546/22/(0, 0, 0)
288/546/22/(0, 0, 0)
289/546/22/(0, 0, 0)
289/546/22/(0, 0, 0)
290/546/22/(0, 0, 0)
292/546/22/(0, 0, 0)
295/546/22/(0, 0, 0)
300/546/22/(0, 0, 0)
303/546/22/(0, 0, 0)
308/546/22/(0, 0, 0)
312/546/22/(0, 0, 0)
315/546/22/(0, 0, 0)
317/546/22/(0, 0, 0)
320/546/22/(0, 0, 0)
321/546/22/(0, 0, 0)
323/546/22/(0, 0, 0)
323/546/22/(0, 0, 0)
324/546/22/(0, 0, 0)
325/546/22/(0, 0, 0)
326/546/22/(0, 0, 0)
327/546/22/(0, 0, 0)
329/546/22/(0, 0, 0)
333/546/22/(0, 0, 0)
339/546/22/(0, 0, 0)
342/546/22/(0, 0, 0)
344/546/22/(0, 0, 0)
346/546/22/(0, 0, 0)
348/546/22/(0, 0, 0)
349/546/22/(0, 0, 0)
349/546/22/(0, 0, 0)
349/546/22/(0, 0, 0)
350/546/22/(0, 0, 0)
350/546/22/(0, 0, 0)
350/545/22/(0, 0, 0)
351/545/22/(0, 0, 0)
351/545/22/(0, 0, 0)
352/545/22/(0, 0, 0)
352/545/22/(0, 0, 0)
352/545/22/(0, 0, 0)
352/545/22/(0, 0, 0)
353/545/22/(0, 0, 0)
354/545/22/(0, 0, 0)
354/545/22/(0, 0, 0)
356/545/22/(0, 0, 0)
356/545/22/(0, 0, 0)
358/545/22/(0, 0, 0)
359/545/22/(0, 0, 0)
359/545/22/(0, 0, 0)
361/545/22/(0, 0, 0)
361/545/22/(0, 0, 0)
361/545/22/(0, 0, 0)
361/545/22/(0, 0, 0)
362/545/22/(0, 0, 0)
362/545/22/(0, 0, 0)
362/545/22/(0, 0, 0)
363/545/22/(0, 0, 0)
363/545/22/(0, 0, 0)
363/545/22/(0, 0, 0)
365/545/22/(0, 0, 0)
365/545/22/(0, 0, 0)
366/544/22/(0, 0, 0)
366/544/22/(0, 0, 0)
367/544/22/(0, 0, 0)
369/544/22/(0, 0, 0)
369/544/22/(0, 0, 0)
372/543/22/(0, 0, 0)
372/543/22/(0, 0, 0)
374/543/22/(0, 0, 0)
376/543/22/(0, 0, 0)
376/543/22/(0, 0, 0)
377/542/22/(0, 0, 0)
377/542/22/(0, 0, 0)
379/542/22/(0, 0, 0)
379/542/22/(0, 0, 0)
379/542/22/(0, 0, 0)
380/542/22/(0, 0, 0)
380/542/22/(0, 0, 0)
380/542/22/(0, 0, 0)
380/542/22/(0, 0, 0)
380/542/22/(0, 0, 0)
380/542/22/(0, 0, 0)
381/541/22/(0, 0, 0)
382/540/22/(0, 0, 0)
382/540/22/(0, 0, 0)
382/540/22/(0, 0, 0)
382/540/22/(0, 0, 0)
382/540/22/(0, 0, 0)
383/540/22/(0, 0, 0)
383/540/22/(0, 0, 0)
383/540/22/(0, 0, 0)
383/540/22/(0, 0, 0)
384/539/22/(0, 0, 0)
384/539/22/(0, 0, 0)
384/539/22/(0, 0, 0)
385/538/22/(0, 0, 0)
385/538/22/(0, 0, 0)
385/538/22/(0, 0, 0)
385/538/22/(0, 0, 0)
385/538/22/(0, 0, 0)
385/538/22/(0, 0, 0)
385/538/22/(0, 0, 0)
385/538/22/(0, 0, 0)
385/538/22/(0, 0, 0)
385/538/22/(0, 0, 0)
385/538/22/(0, 0, 0)
385/538/22/(0, 0, 0)
385/538/22/(0, 0, 0)
385/538/22/(0, 0, 0)
385/538/22/(0, 0, 0)
385/538/22/(0, 0, 0)
385/538/22/(0, 0, 0)
385/538/22/(0, 0, 0)
386/538/22/(0, 0, 0)
386/538/22/(0, 0, 0)
386/538/22/(0, 0, 0)
386/538/22/(0, 0, 0)
386/538/22/(0, 0, 0)
387/538/22/(0, 0, 0)
387/538/22/(0, 0, 0)
387/538/22/(0, 0, 0)
387/538/22/(0, 0, 0)
387/538/22/(0, 0, 0)
387/538/22/(0, 0, 0)
387/538/22/(0, 0, 0)
387/538/22/(0, 0, 0)
387/538/22/(0, 0, 0)
387/538/22/(0, 0, 0)
387/538/22/(0, 0, 0)
387/538/22/(0, 0, 0)
387/538/22/(0, 0, 0)
387/538/22/(0, 0, 0)
387/538/22/(0, 0, 0)
387/538/22/(0, 0, 0)
387/538/22/(0, 0, 0)
387/538/22/(0, 0, 0)
387/538/22/(0, 0, 0)
387/538/22/(0, 0, 0)
387/538/22/(0, 0, 0)
387/538/22/(0, 0, 0)
387/538/22/(0, 0, 0)
388/538/22/(0, 0, 0)
388/538/22/(0, 0, 0)
388/537/22/(0, 0, 0)
388/535/22/(0, 0, 0)
388/535/22/(0, 0, 0)
388/532/22/(0, 0, 0)
388/531/22/(0, 0, 0)
388/529/22/(0, 0, 0)
388/527/22/(0, 0, 0)
388/526/22/(0, 0, 0)
387/523/22/(0, 0, 0)
387/523/22/(0, 0, 0)
387/520/22/(0, 0, 0)
386/518/22/(0, 0, 0)
386/518/22/(0, 0, 0)
385/515/22/(0, 0, 0)
385/514/22/(0, 0, 0)
385/514/22/(0, 0, 0)
385/512/22/(0, 0, 0)
385/512/22/(0, 0, 0)
384/509/22/(0, 0, 0)
383/507/22/(0, 0, 0)
383/507/22/(0, 0, 0)
382/505/22/(0, 0, 0)
382/504/22/(0, 0, 0)
382/504/22/(0, 0, 0)
381/503/22/(0, 0, 0)
381/501/22/(0, 0, 0)
380/498/22/(0, 0, 0)
380/498/22/(0, 0, 0)
380/497/22/(0, 0, 0)
380/495/22/(0, 0, 0)
380/495/22/(0, 0, 0)
380/494/22/(0, 0, 0)
379/492/22/(0, 0, 0)
379/492/22/(0, 0, 0)
379/492/22/(0, 0, 0)
379/492/22/(0, 0, 0)
378/490/22/(0, 0, 0)
378/489/22/(0, 0, 0)
378/489/22/(0, 0, 0)
378/488/22/(0, 0, 0)
378/488/22/(0, 0, 0)
378/487/22/(0, 0, 0)
377/485/22/(0, 0, 0)
377/485/22/(0, 0, 0)
376/485/22/(0, 0, 0)
376/484/22/(0, 0, 0)
376/484/22/(0, 0, 0)
376/483/22/(0, 0, 0)
376/483/22/(0, 0, 0)
376/482/22/(0, 0, 0)
374/479/22/(0, 0, 0)
374/479/22/(0, 0, 0)
374/479/22/(0, 0, 0)
374/479/22/(0, 0, 0)
374/477/22/(0, 0, 0)
374/476/22/(0, 0, 0)
374/476/22/(0, 0, 0)
374/476/22/(0, 0, 0)
374/475/22/(0, 0, 0)
374/475/22/(0, 0, 0)
373/474/22/(0, 0, 0)
372/472/22/(0, 0, 0)
372/472/22/(0, 0, 0)
372/470/22/(0, 0, 0)
372/470/22/(0, 0, 0)
372/470/22/(0, 0, 0)
372/468/22/(0, 0, 0)
372/467/22/(0, 0, 0)
372/467/22/(0, 0, 0)
372/467/22/(0, 0, 0)
372/466/22/(0, 0, 0)
372/466/22/(0, 0, 0)
372/465/22/(0, 0, 0)
372/465/22/(0, 0, 0)
372/464/22/(0, 0, 0)
371/462/22/(0, 0, 0)
371/462/22/(0, 0, 0)
371/462/22/(0, 0, 0)
370/460/22/(0, 0, 0)
370/460/22/(0, 0, 0)
370/460/22/(0, 0, 0)
370/458/22/(0, 0, 0)
370/458/22/(0, 0, 0)
370/458/22/(0, 0, 0)
370/458/22/(0, 0, 0)
370/457/22/(0, 0, 0)
370/456/22/(0, 0, 0)
370/456/22/(0, 0, 0)
370/456/22/(0, 0, 0)
369/454/22/(0, 0, 0)
369/454/22/(0, 0, 0)
369/454/22/(0, 0, 0)
369/454/22/(0, 0, 0)
369/454/22/(0, 0, 0)
369/454/22/(0, 0, 0)
369/453/22/(0, 0, 0)
369/453/22/(0, 0, 0)
369/453/22/(0, 0, 0)
369/453/22/(0, 0, 0)
369/453/22/(0, 0, 0)
369/453/22/(0, 0, 0)
369/453/22/(0, 0, 0)
369/453/22/(0, 0, 0)
369/453/22/(0, 0, 0)
369/453/22/(0, 0, 0)
369/453/22/(0, 0, 0)
369/453/22/(0, 0, 0)
369/453/22/(0, 0, 0)
369/453/22/(0, 0, 0)
369/453/22/(0, 0, 0)
369/453/22/(0, 0, 0)
369/453/22/(0, 0, 0)
369/453/22/(0, 0, 0)
369/453/22/(0, 0, 0)
369/453/22/(0, 0, 0)
369/453/22/(0, 0, 0)
369/453/22/(0, 0, 0)
369/453/22/(0, 0, 0)
369/453/22/(0, 0, 0)
369/453/22/(0, 0, 0)
369/453/22/(0, 0, 0)
369/453/22/(0, 0, 0)
369/453/22/(0, 0, 0)
368/453/22/(0, 0, 0)
368/453/22/(0, 0, 0)
368/453/22/(0, 0, 0)
368/453/22/(0, 0, 0)
368/453/22/(0, 0, 0)
368/452/22/(0, 0, 0)
368/452/22/(0, 0, 0)
368/451/22/(0, 0, 0)
367/451/22/(0, 0, 0)
367/451/22/(0, 0, 0)
367/450/22/(0, 0, 0)
367/450/22/(0, 0, 0)
367/450/22/(0, 0, 0)
367/449/22/(0, 0, 0)
367/448/22/(0, 0, 0)
367/448/22/(0, 0, 0)
367/448/22/(0, 0, 0)
367/448/22/(0, 0, 0)
367/447/22/(0, 0, 0)
366/446/22/(0, 0, 0)
366/446/22/(0, 0, 0)
366/446/22/(0, 0, 0)
366/446/22/(0, 0, 0)
366/446/22/(0, 0, 0)
366/446/22/(0, 0, 0)
366/446/22/(0, 0, 0)
366/446/22/(0, 0, 0)
366/446/22/(0, 0, 0)
366/446/22/(0, 0, 0)
366/445/22/(0, 0, 0)
366/445/22/(0, 0, 0)
366/445/22/(0, 0, 0)
366/445/22/(0, 0, 0)
365/444/22/(0, 0, 0)
365/444/22/(0, 0, 0)
365/444/22/(0, 0, 0)
365/444/22/(0, 0, 0)
365/444/22/(0, 0, 0)
365/444/22/(0, 0, 0)
365/444/22/(0, 0, 0)
365/444/22/(0, 0, 0)
365/444/22/(0, 0, 0)
365/444/22/(0, 0, 0)
365/444/22/(0, 0, 0)
365/444/22/(0, 0, 0)
365/444/22/(0, 0, 0)
365/444/22/(0, 0, 0)
365/444/22/(0, 0, 0)
365/444/22/(0, 0, 0)
365/444/22/(0, 0, 0)
365/444/22/(0, 0, 0)
365/444/22/(0, 0, 0)
365/444/22/(0, 0, 0)
365/444/22/(0, 0, 0)
365/444/22/(0, 0, 0)
365/444/22/(0, 0, 0)
365/444/22/(0, 0, 0)
365/444/22/(0, 0, 0)
365/443/22/(0, 0, 0)
374/446/22/(0, 0, 0)
374/446/22/(0, 0, 0)
374/446/22/(0, 0, 0)
374/446/22/(0, 0, 0)
374/446/22/(0, 0, 0)
374/446/22/(0, 0, 0)
374/446/22/(0, 0, 0)
374/446/22/(0, 0, 0)
375/447/22/(0, 0, 0)
375/447/22/(0, 0, 0)
375/447/22/(0, 0, 0)
375/447/22/(0, 0, 0)
375/447/22/(0, 0, 0)
375/447/22/(0, 0, 0)
376/448/22/(0, 0, 0)
376/448/22/(0, 0, 0)
377/448/22/(0, 0, 0)
378/448/22/(0, 0, 0)
378/448/22/(0, 0, 0)
380/449/22/(0, 0, 0)
382/450/22/(0, 0, 0)
382/450/22/(0, 0, 0)
383/450/22/(0, 0, 0)
385/450/22/(0, 0, 0)
385/450/22/(0, 0, 0)
387/450/22/(0, 0, 0)
389/452/22/(0, 0, 0)
389/452/22/(0, 0, 0)
390/452/22/(0, 0, 0)
392/453/22/(0, 0, 0)
392/453/22/(0, 0, 0)
394/453/22/(0, 0, 0)
396/453/22/(0, 0, 0)
396/453/22/(0, 0, 0)
398/454/22/(0, 0, 0)
399/455/22/(0, 0, 0)
399/455/22/(0, 0, 0)
404/456/22/(0, 0, 0)
407/457/22/(0, 0, 0)
407/457/22/(0, 0, 0)
412/458/22/(0, 0, 0)
422/459/22/(0, 0, 0)
422/459/22/(0, 0, 0)
430/460/22/(0, 0, 0)
437/461/22/(0, 0, 0)
437/461/22/(0, 0, 0)
442/462/22/(0, 0, 0)
447/463/22/(0, 0, 0)
447/463/22/(0, 0, 0)
451/464/22/(0, 0, 0)
454/465/22/(0, 0, 0)
454/465/22/(0, 0, 0)
457/466/22/(0, 0, 0)
460/468/22/(0, 0, 0)
460/468/22/(0, 0, 0)
463/469/22/(0, 0, 0)
463/469/22/(0, 0, 0)
463/469/22/(0, 0, 0)
463/469/22/(0, 0, 0)
463/469/22/(0, 0, 0)
463/469/22/(0, 0, 0)
463/469/22/(0, 0, 0)
463/469/22/(0, 0, 0)
463/469/22/(0, 0, 0)
463/469/22/(0, 0, 0)
463/469/22/(0, 0, 0)
463/469/22/(0, 0, 0)
463/469/22/(0, 0, 0)
463/469/22/(0, 0, 0)
463/469/22/(0, 0, 0)
463/469/22/(0, 0, 0)
463/469/22/(0, 0, 0)
463/469/22/(0, 0, 0)
463/469/22/(0, 0, 0)
463/469/22/(0, 0, 0)
463/469/22/(0, 0, 0)
463/469/22/(0, 0, 0)
463/469/22/(0, 0, 0)
463/469/22/(0, 0, 0)
463/469/22/(0, 0, 0)
463/469/22/(0, 0, 0)
463/469/22/(0, 0, 0)
463/469/22/(0, 0, 0)
463/469/22/(0, 0, 0)
463/469/22/(0, 0, 0)
463/469/22/(0, 0, 0)
463/469/22/(0, 0, 0)
463/469/22/(0, 0, 0)
463/469/22/(0, 0, 0)
463/469/22/(0, 0, 0)
191/423/22/(0, 0, 0)
191/423/22/(0, 0, 0)
191/423/22/(0, 0, 0)
191/423/22/(0, 0, 0)
191/423/22/(0, 0, 0)
191/423/22/(0, 0, 0)
191/423/22/(0, 0, 0)
191/423/22/(0, 0, 0)
191/423/22/(0, 0, 0)
191/423/22/(0, 0, 0)
191/423/22/(0, 0, 0)
191/423/22/(0, 0, 0)
191/423/22/(0, 0, 0)
191/423/22/(0, 0, 0)
191/423/22/(0, 0, 0)
191/423/22/(0, 0, 0)
191/423/22/(0, 0, 0)
191/423/22/(0, 0, 0)
187/424/22/(0, 0, 0)
187/424/22/(0, 0, 0)
186/425/22/(0, 0, 0)
182/427/22/(0, 0, 0)
182/427/22/(0, 0, 0)
178/429/22/(0, 0, 0)
174/432/22/(0, 0, 0)
174/432/22/(0, 0, 0)
171/435/22/(0, 0, 0)
167/437/22/(0, 0, 0)
167/437/22/(0, 0, 0)
165/439/22/(0, 0, 0)
162/440/22/(0, 0, 0)
162/440/22/(0, 0, 0)
160/442/22/(0, 0, 0)
160/442/22/(0, 0, 0)
159/443/22/(0, 0, 0)
159/443/22/(0, 0, 0)
158/444/22/(0, 0, 0)
157/444/22/(0, 0, 0)
155/446/22/(0, 0, 0)
154/448/22/(0, 0, 0)
152/451/22/(0, 0, 0)
145/457/22/(0, 0, 0)
142/459/22/(0, 0, 0)
140/461/22/(0, 0, 0)
139/462/22/(0, 0, 0)
137/463/22/(0, 0, 0)
137/463/22/(0, 0, 0)
137/463/22/(0, 0, 0)
137/463/22/(0, 0, 0)
137/463/22/(0, 0, 0)
137/463/22/(0, 0, 0)
137/463/22/(0, 0, 0)
137/463/22/(0, 0, 0)
137/463/22/(0, 0, 0)
137/463/22/(0, 0, 0)
137/463/22/(0, 0, 0)
137/463/22/(0, 0, 0)
137/463/22/(0, 0, 0)
137/463/22/(0, 0, 0)
137/463/22/(0, 0, 0)
137/463/22/(0, 0, 0)
137/463/22/(0, 0, 0)
137/463/22/(0, 0, 0)
137/463/22/(0, 0, 0)
137/463/22/(0, 0, 0)
137/463/22/(0, 0, 0)
137/463/22/(0, 0, 0)
137/463/22/(0, 0, 0)
137/463/22/(0, 0, 0)
137/463/22/(0, 0, 0)
137/463/22/(0, 0, 0)
137/463/22/(0, 0, 0)
188/544/22/(0, 0, 0)
188/544/22/(0, 0, 0)
188/544/22/(0, 0, 0)
188/545/22/(0, 0, 0)
188/546/22/(0, 0, 0)
188/546/22/(0, 0, 0)
188/546/22/(0, 0, 0)
188/547/22/(0, 0, 0)
188/547/22/(0, 0, 0)
188/547/22/(0, 0, 0)
188/548/22/(0, 0, 0)
188/548/22/(0, 0, 0)
188/548/22/(0, 0, 0)
188/550/22/(0, 0, 0)
188/552/22/(0, 0, 0)
188/555/22/(0, 0, 0)
188/557/22/(0, 0, 0)
188/559/22/(0, 0, 0)
188/560/22/(0, 0, 0)
188/560/22/(0, 0, 0)
188/563/22/(0, 0, 0)
188/564/22/(0, 0, 0)
188/565/22/(0, 0, 0)
188/565/22/(0, 0, 0)
188/569/22/(0, 0, 0)
188/571/22/(0, 0, 0)
188/571/22/(0, 0, 0)
188/573/22/(0, 0, 0)
188/576/22/(0, 0, 0)
188/576/22/(0, 0, 0)
187/578/22/(0, 0, 0)
187/580/22/(0, 0, 0)
187/580/22/(0, 0, 0)
186/582/22/(0, 0, 0)
186/582/22/(0, 0, 0)
186/582/22/(0, 0, 0)
186/584/22/(0, 0, 0)
186/586/22/(0, 0, 0)
186/586/22/(0, 0, 0)
186/586/22/(0, 0, 0)
186/588/22/(0, 0, 0)
186/589/22/(0, 0, 0)
186/589/22/(0, 0, 0)
186/590/22/(0, 0, 0)
186/591/22/(0, 0, 0)
186/591/22/(0, 0, 0)
186/591/22/(0, 0, 0)
186/592/22/(0, 0, 0)
186/592/22/(0, 0, 0)
186/592/22/(0, 0, 0)
186/592/22/(0, 0, 0)
186/592/22/(0, 0, 0)
186/592/22/(0, 0, 0)
186/592/22/(0, 0, 0)
186/592/22/(0, 0, 0)
186/592/22/(0, 0, 0)
186/592/22/(0, 0, 0)
186/592/22/(0, 0, 0)
186/592/22/(0, 0, 0)
186/592/22/(0, 0, 0)
186/592/22/(0, 0, 0)
186/592/22/(0, 0, 0)
186/592/22/(0, 0, 0)
186/592/22/(0, 0, 0)
186/592/22/(0, 0, 0)
186/592/22/(0, 0, 0)
186/592/22/(0, 0, 0)
186/592/22/(0, 0, 0)
186/592/22/(0, 0, 0)
186/592/22/(0, 0, 0)
186/592/22/(0, 0, 0)
186/592/22/(0, 0, 0)
186/592/22/(0, 0, 0)
186/592/22/(0, 0, 0)
186/592/22/(0, 0, 0)
186/592/22/(0, 0, 0)
186/592/22/(0, 0, 0)
186/592/22/(0, 0, 0)
186/592/22/(0, 0, 0)
186/592/22/(0, 0, 0)
186/592/22/(0, 0, 0)
186/592/22/(0, 0, 0)
392/548/22/(0, 0, 0)
392/548/22/(0, 0, 0)
392/548/22/(0, 0, 0)
392/548/22/(0, 0, 0)
392/548/22/(0, 0, 0)
392/548/22/(0, 0, 0)
392/548/22/(0, 0, 0)
392/548/22/(0, 0, 0)
392/548/22/(0, 0, 0)
392/549/22/(0, 0, 0)
392/551/22/(0, 0, 0)
392/551/22/(0, 0, 0)
393/555/22/(0, 0, 0)
393/558/22/(0, 0, 0)
394/560/22/(0, 0, 0)
396/562/22/(0, 0, 0)
396/564/22/(0, 0, 0)
396/564/22/(0, 0, 0)
396/567/22/(0, 0, 0)
398/569/22/(0, 0, 0)
398/569/22/(0, 0, 0)
399/572/22/(0, 0, 0)
399/574/22/(0, 0, 0)
399/576/22/(0, 0, 0)
400/579/22/(0, 0, 0)
401/582/22/(0, 0, 0)
402/587/22/(0, 0, 0)
402/588/22/(0, 0, 0)
403/590/22/(0, 0, 0)
403/590/22/(0, 0, 0)
404/591/22/(0, 0, 0)
404/591/22/(0, 0, 0)
404/591/22/(0, 0, 0)
404/591/22/(0, 0, 0)
404/591/22/(0, 0, 0)
404/591/22/(0, 0, 0)
404/592/22/(0, 0, 0)
404/592/22/(0, 0, 0)
404/592/22/(0, 0, 0)
404/592/22/(0, 0, 0)
404/592/22/(0, 0, 0)
404/592/22/(0, 0, 0)
404/592/22/(0, 0, 0)
404/592/22/(0, 0, 0)
404/592/22/(0, 0, 0)
404/592/22/(0, 0, 0)
404/592/22/(0, 0, 0)
404/592/22/(0, 0, 0)
404/592/22/(0, 0, 0)
404/592/22/(0, 0, 0)
404/592/22/(0, 0, 0)
404/592/22/(0, 0, 0)
404/592/22/(0, 0, 0)
404/592/22/(0, 0, 0)
