181.0/109.0/13.0/(0, 0, 0)
181.0/109.0/13.0/(0, 0, 0)
181.0/109.0/13.0/(0, 0, 0)
181.0/109.0/13.0/(0, 0, 0)
181.0/109.0/13.0/(0, 0, 0)
181.0/109.0/13.0/(0, 0, 0)
180.0/109.0/13.0/(0, 0, 0)
180.0/109.0/13.0/(0, 0, 0)
180.0/109.0/13.0/(0, 0, 0)
180.0/109.0/13.0/(0, 0, 0)
180.0/109.0/13.0/(0, 0, 0)
180.0/109.0/13.0/(0, 0, 0)
178.0/107.0/13.0/(0, 0, 0)
178.0/107.0/13.0/(0, 0, 0)
178.0/107.0/13.0/(0, 0, 0)
178.0/107.0/13.0/(0, 0, 0)
178.0/107.0/13.0/(0, 0, 0)
178.0/107.0/13.0/(0, 0, 0)
177.0/105.0/13.0/(0, 0, 0)
177.0/105.0/13.0/(0, 0, 0)
177.0/105.0/13.0/(0, 0, 0)
177.0/105.0/13.0/(0, 0, 0)
177.0/105.0/13.0/(0, 0, 0)
177.0/105.0/13.0/(0, 0, 0)
177.0/105.0/13.0/(0, 0, 0)
177.0/105.0/13.0/(0, 0, 0)
177.0/105.0/13.0/(0, 0, 0)
177.0/105.0/13.0/(0, 0, 0)
177.0/105.0/13.0/(0, 0, 0)
177.0/105.0/13.0/(0, 0, 0)
175.0/104.0/13.0/(0, 0, 0)
175.0/104.0/13.0/(0, 0, 0)
175.0/104.0/13.0/(0, 0, 0)
175.0/104.0/13.0/(0, 0, 0)
175.0/104.0/13.0/(0, 0, 0)
175.0/104.0/13.0/(0, 0, 0)
175.0/103.0/13.0/(0, 0, 0)
175.0/103.0/13.0/(0, 0, 0)
175.0/103.0/13.0/(0, 0, 0)
175.0/103.0/13.0/(0, 0, 0)
175.0/103.0/13.0/(0, 0, 0)
174.0/103.0/13.0/(0, 0, 0)
174.0/103.0/13.0/(0, 0, 0)
174.0/103.0/13.0/(0, 0, 0)
174.0/103.0/13.0/(0, 0, 0)
174.0/103.0/13.0/(0, 0, 0)
174.0/103.0/13.0/(0, 0, 0)
174.0/103.0/13.0/(0, 0, 0)
174.0/102.0/13.0/(0, 0, 0)
174.0/102.0/13.0/(0, 0, 0)
174.0/102.0/13.0/(0, 0, 0)
174.0/102.0/13.0/(0, 0, 0)
174.0/102.0/13.0/(0, 0, 0)
174.0/102.0/13.0/(0, 0, 0)
174.0/102.0/13.0/(0, 0, 0)
174.0/102.0/13.0/(0, 0, 0)
174.0/102.0/13.0/(0, 0, 0)
174.0/102.0/13.0/(0, 0, 0)
174.0/102.0/13.0/(0, 0, 0)
174.0/102.0/13.0/(0, 0, 0)
174.0/102.0/13.0/(0, 0, 0)
174.0/102.0/13.0/(0, 0, 0)
174.0/102.0/13.0/(0, 0, 0)
174.0/102.0/13.0/(0, 0, 0)
174.0/102.0/13.0/(0, 0, 0)
174.0/102.0/13.0/(0, 0, 0)
174.0/102.0/13.0/(0, 0, 0)
174.0/102.0/13.0/(0, 0, 0)
174.0/102.0/13.0/(0, 0, 0)
174.0/102.0/13.0/(0, 0, 0)
174.0/102.0/13.0/(0, 0, 0)
174.0/102.0/13.0/(0, 0, 0)
174.0/102.0/13.0/(0, 0, 0)
174.0/102.0/13.0/(0, 0, 0)
174.0/102.0/13.0/(0, 0, 0)
174.0/102.0/13.0/(0, 0, 0)
174.0/102.0/13.0/(0, 0, 0)
174.0/102.0/13.0/(0, 0, 0)
174.0/102.0/13.0/(0, 0, 0)
174.0/102.0/13.0/(0, 0, 0)
174.0/102.0/13.0/(0, 0, 0)
174.0/102.0/13.0/(0, 0, 0)
174.0/102.0/13.0/(0, 0, 0)
172.0/101.0/13.0/(0, 0, 0)
172.0/101.0/13.0/(0, 0, 0)
172.0/101.0/13.0/(0, 0, 0)
172.0/101.0/13.0/(0, 0, 0)
172.0/101.0/13.0/(0, 0, 0)
172.0/101.0/13.0/(0, 0, 0)
172.0/101.0/13.0/(0, 0, 0)
172.0/101.0/13.0/(0, 0, 0)
172.0/101.0/13.0/(0, 0, 0)
172.0/101.0/13.0/(0, 0, 0)
172.0/101.0/13.0/(0, 0, 0)
172.0/101.0/13.0/(0, 0, 0)
172.0/101.0/13.0/(0, 0, 0)
172.0/101.0/13.0/(0, 0, 0)
172.0/101.0/13.0/(0, 0, 0)
172.0/101.0/13.0/(0, 0, 0)
172.0/101.0/13.0/(0, 0, 0)
172.0/101.0/13.0/(0, 0, 0)
172.0/101.0/13.0/(0, 0, 0)
172.0/101.0/13.0/(0, 0, 0)
172.0/101.0/13.0/(0, 0, 0)
172.0/101.0/13.0/(0, 0, 0)
172.0/101.0/13.0/(0, 0, 0)
172.0/101.0/13.0/(0, 0, 0)
172.0/101.0/13.0/(0, 0, 0)
172.0/101.0/13.0/(0, 0, 0)
172.0/101.0/13.0/(0, 0, 0)
172.0/101.0/13.0/(0, 0, 0)
172.0/101.0/13.0/(0, 0, 0)
172.0/101.0/13.0/(0, 0, 0)
172.0/101.0/13.0/(0, 0, 0)
172.0/101.0/13.0/(0, 0, 0)
172.0/101.0/13.0/(0, 0, 0)
172.0/101.0/13.0/(0, 0, 0)
172.0/101.0/13.0/(0, 0, 0)
172.0/101.0/13.0/(0, 0, 0)
172.0/101.0/13.0/(0, 0, 0)
172.0/101.0/13.0/(0, 0, 0)
172.0/101.0/13.0/(0, 0, 0)
172.0/101.0/13.0/(0, 0, 0)
172.0/101.0/13.0/(0, 0, 0)
172.0/101.0/13.0/(0, 0, 0)
172.0/101.0/13.0/(0, 0, 0)
172.0/101.0/13.0/(0, 0, 0)
172.0/101.0/13.0/(0, 0, 0)
172.0/101.0/13.0/(0, 0, 0)
172.0/101.0/13.0/(0, 0, 0)
172.0/101.0/13.0/(0, 0, 0)
172.0/101.0/13.0/(0, 0, 0)
172.0/101.0/13.0/(0, 0, 0)
172.0/101.0/13.0/(0, 0, 0)
172.0/101.0/13.0/(0, 0, 0)
172.0/101.0/13.0/(0, 0, 0)
172.0/101.0/13.0/(0, 0, 0)
172.0/101.0/13.0/(0, 0, 0)
172.0/101.0/13.0/(0, 0, 0)
172.0/101.0/13.0/(0, 0, 0)
172.0/101.0/13.0/(0, 0, 0)
172.0/101.0/13.0/(0, 0, 0)
172.0/101.0/13.0/(0, 0, 0)
172.0/101.0/13.0/(0, 0, 0)
172.0/101.0/13.0/(0, 0, 0)
172.0/101.0/13.0/(0, 0, 0)
172.0/101.0/13.0/(0, 0, 0)
172.0/101.0/13.0/(0, 0, 0)
172.0/101.0/13.0/(0, 0, 0)
172.0/101.0/13.0/(0, 0, 0)
172.0/101.0/13.0/(0, 0, 0)
172.0/101.0/13.0/(0, 0, 0)
172.0/101.0/13.0/(0, 0, 0)
172.0/101.0/13.0/(0, 0, 0)
172.0/101.0/13.0/(0, 0, 0)
172.0/101.0/13.0/(0, 0, 0)
172.0/101.0/13.0/(0, 0, 0)
172.0/101.0/13.0/(0, 0, 0)
172.0/101.0/13.0/(0, 0, 0)
172.0/101.0/13.0/(0, 0, 0)
172.0/101.0/13.0/(0, 0, 0)
172.0/101.0/13.0/(0, 0, 0)
172.0/101.0/13.0/(0, 0, 0)
172.0/101.0/13.0/(0, 0, 0)
172.0/101.0/13.0/(0, 0, 0)
172.0/101.0/13.0/(0, 0, 0)
172.0/101.0/13.0/(0, 0, 0)
172.0/101.0/13.0/(0, 0, 0)
172.0/101.0/13.0/(0, 0, 0)
172.0/101.0/13.0/(0, 0, 0)
172.0/101.0/13.0/(0, 0, 0)
172.0/101.0/13.0/(0, 0, 0)
172.0/101.0/13.0/(0, 0, 0)
172.0/101.0/13.0/(0, 0, 0)
172.0/101.0/13.0/(0, 0, 0)
172.0/101.0/13.0/(0, 0, 0)
172.0/101.0/13.0/(0, 0, 0)
172.0/101.0/13.0/(0, 0, 0)
172.0/101.0/13.0/(0, 0, 0)
172.0/101.0/13.0/(0, 0, 0)
172.0/101.0/13.0/(0, 0, 0)
172.0/101.0/13.0/(0, 0, 0)
172.0/101.0/13.0/(0, 0, 0)
172.0/101.0/13.0/(0, 0, 0)
172.0/101.0/13.0/(0, 0, 0)
172.0/101.0/13.0/(0, 0, 0)
172.0/101.0/13.0/(0, 0, 0)
172.0/101.0/13.0/(0, 0, 0)
172.0/101.0/13.0/(0, 0, 0)
172.0/101.0/13.0/(0, 0, 0)
172.0/101.0/13.0/(0, 0, 0)
172.0/101.0/13.0/(0, 0, 0)
172.0/101.0/13.0/(0, 0, 0)
172.0/101.0/13.0/(0, 0, 0)
172.0/101.0/13.0/(0, 0, 0)
172.0/101.0/13.0/(0, 0, 0)
172.0/101.0/13.0/(0, 0, 0)
172.0/101.0/13.0/(0, 0, 0)
172.0/101.0/13.0/(0, 0, 0)
172.0/101.0/13.0/(0, 0, 0)
172.0/101.0/13.0/(0, 0, 0)
172.0/101.0/13.0/(0, 0, 0)
172.0/101.0/13.0/(0, 0, 0)
172.0/101.0/13.0/(0, 0, 0)
172.0/101.0/13.0/(0, 0, 0)
172.0/101.0/13.0/(0, 0, 0)
172.0/101.0/13.0/(0, 0, 0)
172.0/101.0/13.0/(0, 0, 0)
172.0/101.0/13.0/(0, 0, 0)
172.0/101.0/13.0/(0, 0, 0)
172.0/101.0/13.0/(0, 0, 0)
172.0/101.0/13.0/(0, 0, 0)
172.0/101.0/13.0/(0, 0, 0)
172.0/101.0/13.0/(0, 0, 0)
172.0/101.0/13.0/(0, 0, 0)
172.0/101.0/13.0/(0, 0, 0)
172.0/101.0/13.0/(0, 0, 0)
172.0/101.0/13.0/(0, 0, 0)
172.0/101.0/13.0/(0, 0, 0)
172.0/101.0/13.0/(0, 0, 0)
172.0/101.0/13.0/(0, 0, 0)
172.0/101.0/13.0/(0, 0, 0)
172.0/101.0/13.0/(0, 0, 0)
172.0/101.0/13.0/(0, 0, 0)
172.0/101.0/13.0/(0, 0, 0)
172.0/101.0/13.0/(0, 0, 0)
172.0/101.0/13.0/(0, 0, 0)
172.0/101.0/13.0/(0, 0, 0)
172.0/101.0/13.0/(0, 0, 0)
172.0/101.0/13.0/(0, 0, 0)
172.0/101.0/13.0/(0, 0, 0)
172.0/101.0/13.0/(0, 0, 0)
172.0/101.0/13.0/(0, 0, 0)
172.0/101.0/13.0/(0, 0, 0)
172.0/101.0/13.0/(0, 0, 0)
172.0/101.0/13.0/(0, 0, 0)
172.0/101.0/13.0/(0, 0, 0)
172.0/101.0/13.0/(0, 0, 0)
170.0/101.0/13.0/(0, 0, 0)
170.0/101.0/13.0/(0, 0, 0)
170.0/101.0/13.0/(0, 0, 0)
170.0/101.0/13.0/(0, 0, 0)
170.0/101.0/13.0/(0, 0, 0)
166.0/102.0/13.0/(0, 0, 0)
166.0/102.0/13.0/(0, 0, 0)
166.0/102.0/13.0/(0, 0, 0)
166.0/102.0/13.0/(0, 0, 0)
166.0/102.0/13.0/(0, 0, 0)
164.0/102.0/13.0/(0, 0, 0)
164.0/102.0/13.0/(0, 0, 0)
164.0/102.0/13.0/(0, 0, 0)
160.0/103.0/13.0/(0, 0, 0)
160.0/103.0/13.0/(0, 0, 0)
160.0/103.0/13.0/(0, 0, 0)
160.0/103.0/13.0/(0, 0, 0)
160.0/103.0/13.0/(0, 0, 0)
158.0/104.0/13.0/(0, 0, 0)
158.0/104.0/13.0/(0, 0, 0)
158.0/104.0/13.0/(0, 0, 0)
158.0/104.0/13.0/(0, 0, 0)
158.0/104.0/13.0/(0, 0, 0)
156.0/105.0/13.0/(0, 0, 0)
156.0/105.0/13.0/(0, 0, 0)
156.0/105.0/13.0/(0, 0, 0)
156.0/105.0/13.0/(0, 0, 0)
156.0/105.0/13.0/(0, 0, 0)
156.0/105.0/13.0/(0, 0, 0)
156.0/105.0/13.0/(0, 0, 0)
156.0/105.0/13.0/(0, 0, 0)
156.0/105.0/13.0/(0, 0, 0)
156.0/105.0/13.0/(0, 0, 0)
154.0/106.0/13.0/(0, 0, 0)
154.0/106.0/13.0/(0, 0, 0)
154.0/106.0/13.0/(0, 0, 0)
154.0/106.0/13.0/(0, 0, 0)
154.0/106.0/13.0/(0, 0, 0)
154.0/106.0/13.0/(0, 0, 0)
154.0/106.0/13.0/(0, 0, 0)
154.0/106.0/13.0/(0, 0, 0)
154.0/106.0/13.0/(0, 0, 0)
154.0/106.0/13.0/(0, 0, 0)
153.0/107.0/13.0/(0, 0, 0)
153.0/107.0/13.0/(0, 0, 0)
153.0/107.0/13.0/(0, 0, 0)
153.0/107.0/13.0/(0, 0, 0)
153.0/107.0/13.0/(0, 0, 0)
152.0/107.0/13.0/(0, 0, 0)
152.0/107.0/13.0/(0, 0, 0)
152.0/107.0/13.0/(0, 0, 0)
152.0/107.0/13.0/(0, 0, 0)
152.0/107.0/13.0/(0, 0, 0)
152.0/107.0/13.0/(0, 0, 0)
152.0/107.0/13.0/(0, 0, 0)
152.0/107.0/13.0/(0, 0, 0)
152.0/107.0/13.0/(0, 0, 0)
152.0/107.0/13.0/(0, 0, 0)
152.0/107.0/13.0/(0, 0, 0)
152.0/107.0/13.0/(0, 0, 0)
152.0/107.0/13.0/(0, 0, 0)
152.0/107.0/13.0/(0, 0, 0)
152.0/107.0/13.0/(0, 0, 0)
152.0/107.0/13.0/(0, 0, 0)
152.0/107.0/13.0/(0, 0, 0)
152.0/107.0/13.0/(0, 0, 0)
152.0/107.0/13.0/(0, 0, 0)
152.0/107.0/13.0/(0, 0, 0)
151.0/109.0/13.0/(0, 0, 0)
151.0/109.0/13.0/(0, 0, 0)
151.0/109.0/13.0/(0, 0, 0)
151.0/109.0/13.0/(0, 0, 0)
151.0/109.0/13.0/(0, 0, 0)
150.0/109.0/13.0/(0, 0, 0)
150.0/109.0/13.0/(0, 0, 0)
150.0/109.0/13.0/(0, 0, 0)
150.0/109.0/13.0/(0, 0, 0)
150.0/109.0/13.0/(0, 0, 0)
149.0/111.0/13.0/(0, 0, 0)
149.0/111.0/13.0/(0, 0, 0)
149.0/111.0/13.0/(0, 0, 0)
149.0/111.0/13.0/(0, 0, 0)
149.0/111.0/13.0/(0, 0, 0)
148.0/111.0/13.0/(0, 0, 0)
148.0/111.0/13.0/(0, 0, 0)
148.0/111.0/13.0/(0, 0, 0)
148.0/111.0/13.0/(0, 0, 0)
148.0/111.0/13.0/(0, 0, 0)
148.0/112.0/13.0/(0, 0, 0)
148.0/112.0/13.0/(0, 0, 0)
148.0/112.0/13.0/(0, 0, 0)
148.0/112.0/13.0/(0, 0, 0)
148.0/112.0/13.0/(0, 0, 0)
147.0/113.0/13.0/(0, 0, 0)
147.0/113.0/13.0/(0, 0, 0)
147.0/113.0/13.0/(0, 0, 0)
147.0/113.0/13.0/(0, 0, 0)
146.0/114.0/13.0/(0, 0, 0)
146.0/114.0/13.0/(0, 0, 0)
146.0/114.0/13.0/(0, 0, 0)
146.0/114.0/13.0/(0, 0, 0)
146.0/114.0/13.0/(0, 0, 0)
146.0/115.0/13.0/(0, 0, 0)
146.0/115.0/13.0/(0, 0, 0)
146.0/115.0/13.0/(0, 0, 0)
146.0/115.0/13.0/(0, 0, 0)
146.0/115.0/13.0/(0, 0, 0)
145.0/116.0/13.0/(0, 0, 0)
145.0/116.0/13.0/(0, 0, 0)
145.0/116.0/13.0/(0, 0, 0)
145.0/116.0/13.0/(0, 0, 0)
144.0/117.0/13.0/(0, 0, 0)
144.0/117.0/13.0/(0, 0, 0)
144.0/117.0/13.0/(0, 0, 0)
144.0/117.0/13.0/(0, 0, 0)
144.0/117.0/13.0/(0, 0, 0)
144.0/119.0/13.0/(0, 0, 0)
144.0/119.0/13.0/(0, 0, 0)
144.0/119.0/13.0/(0, 0, 0)
144.0/119.0/13.0/(0, 0, 0)
144.0/119.0/13.0/(0, 0, 0)
142.0/120.0/13.0/(0, 0, 0)
142.0/120.0/13.0/(0, 0, 0)
142.0/120.0/13.0/(0, 0, 0)
142.0/120.0/13.0/(0, 0, 0)
142.0/120.0/13.0/(0, 0, 0)
142.0/121.0/13.0/(0, 0, 0)
142.0/121.0/13.0/(0, 0, 0)
142.0/121.0/13.0/(0, 0, 0)
142.0/121.0/13.0/(0, 0, 0)
141.0/123.0/13.0/(0, 0, 0)
141.0/123.0/13.0/(0, 0, 0)
141.0/123.0/13.0/(0, 0, 0)
141.0/123.0/13.0/(0, 0, 0)
141.0/123.0/13.0/(0, 0, 0)
140.0/124.0/13.0/(0, 0, 0)
140.0/124.0/13.0/(0, 0, 0)
140.0/124.0/13.0/(0, 0, 0)
140.0/124.0/13.0/(0, 0, 0)
140.0/126.0/13.0/(0, 0, 0)
140.0/126.0/13.0/(0, 0, 0)
140.0/126.0/13.0/(0, 0, 0)
140.0/126.0/13.0/(0, 0, 0)
140.0/126.0/13.0/(0, 0, 0)
140.0/126.0/13.0/(0, 0, 0)
140.0/126.0/13.0/(0, 0, 0)
140.0/126.0/13.0/(0, 0, 0)
140.0/126.0/13.0/(0, 0, 0)
140.0/126.0/13.0/(0, 0, 0)
139.0/127.0/13.0/(0, 0, 0)
139.0/127.0/13.0/(0, 0, 0)
139.0/127.0/13.0/(0, 0, 0)
139.0/127.0/13.0/(0, 0, 0)
138.0/129.0/13.0/(0, 0, 0)
138.0/129.0/13.0/(0, 0, 0)
138.0/129.0/13.0/(0, 0, 0)
138.0/129.0/13.0/(0, 0, 0)
138.0/129.0/13.0/(0, 0, 0)
138.0/130.0/13.0/(0, 0, 0)
138.0/130.0/13.0/(0, 0, 0)
138.0/130.0/13.0/(0, 0, 0)
138.0/130.0/13.0/(0, 0, 0)
138.0/130.0/13.0/(0, 0, 0)
138.0/131.0/13.0/(0, 0, 0)
138.0/131.0/13.0/(0, 0, 0)
138.0/131.0/13.0/(0, 0, 0)
138.0/131.0/13.0/(0, 0, 0)
138.0/133.0/13.0/(0, 0, 0)
138.0/133.0/13.0/(0, 0, 0)
138.0/133.0/13.0/(0, 0, 0)
138.0/133.0/13.0/(0, 0, 0)
137.0/135.0/13.0/(0, 0, 0)
137.0/135.0/13.0/(0, 0, 0)
137.0/135.0/13.0/(0, 0, 0)
137.0/135.0/13.0/(0, 0, 0)
137.0/135.0/13.0/(0, 0, 0)
136.0/135.0/13.0/(0, 0, 0)
136.0/135.0/13.0/(0, 0, 0)
136.0/135.0/13.0/(0, 0, 0)
136.0/135.0/13.0/(0, 0, 0)
136.0/137.0/13.0/(0, 0, 0)
136.0/137.0/13.0/(0, 0, 0)
136.0/137.0/13.0/(0, 0, 0)
136.0/137.0/13.0/(0, 0, 0)
136.0/137.0/13.0/(0, 0, 0)
136.0/139.0/13.0/(0, 0, 0)
136.0/139.0/13.0/(0, 0, 0)
136.0/139.0/13.0/(0, 0, 0)
136.0/139.0/13.0/(0, 0, 0)
136.0/139.0/13.0/(0, 0, 0)
135.0/141.0/13.0/(0, 0, 0)
135.0/141.0/13.0/(0, 0, 0)
135.0/141.0/13.0/(0, 0, 0)
135.0/141.0/13.0/(0, 0, 0)
134.0/143.0/13.0/(0, 0, 0)
134.0/143.0/13.0/(0, 0, 0)
134.0/143.0/13.0/(0, 0, 0)
134.0/143.0/13.0/(0, 0, 0)
134.0/143.0/13.0/(0, 0, 0)
132.0/145.0/13.0/(0, 0, 0)
132.0/145.0/13.0/(0, 0, 0)
132.0/145.0/13.0/(0, 0, 0)
132.0/145.0/13.0/(0, 0, 0)
132.0/147.0/13.0/(0, 0, 0)
132.0/147.0/13.0/(0, 0, 0)
132.0/147.0/13.0/(0, 0, 0)
132.0/147.0/13.0/(0, 0, 0)
131.0/149.0/13.0/(0, 0, 0)
131.0/149.0/13.0/(0, 0, 0)
131.0/149.0/13.0/(0, 0, 0)
131.0/149.0/13.0/(0, 0, 0)
130.0/151.0/13.0/(0, 0, 0)
130.0/151.0/13.0/(0, 0, 0)
130.0/151.0/13.0/(0, 0, 0)
130.0/151.0/13.0/(0, 0, 0)
130.0/151.0/13.0/(0, 0, 0)
130.0/152.0/13.0/(0, 0, 0)
130.0/152.0/13.0/(0, 0, 0)
130.0/152.0/13.0/(0, 0, 0)
130.0/152.0/13.0/(0, 0, 0)
130.0/153.0/13.0/(0, 0, 0)
130.0/153.0/13.0/(0, 0, 0)
130.0/153.0/13.0/(0, 0, 0)
130.0/153.0/13.0/(0, 0, 0)
130.0/155.0/13.0/(0, 0, 0)
130.0/155.0/13.0/(0, 0, 0)
130.0/155.0/13.0/(0, 0, 0)
130.0/155.0/13.0/(0, 0, 0)
130.0/155.0/13.0/(0, 0, 0)
130.0/157.0/13.0/(0, 0, 0)
130.0/157.0/13.0/(0, 0, 0)
130.0/157.0/13.0/(0, 0, 0)
130.0/157.0/13.0/(0, 0, 0)
130.0/159.0/13.0/(0, 0, 0)
130.0/159.0/13.0/(0, 0, 0)
130.0/159.0/13.0/(0, 0, 0)
130.0/159.0/13.0/(0, 0, 0)
129.0/161.0/13.0/(0, 0, 0)
129.0/161.0/13.0/(0, 0, 0)
129.0/161.0/13.0/(0, 0, 0)
129.0/161.0/13.0/(0, 0, 0)
128.0/163.0/13.0/(0, 0, 0)
128.0/163.0/13.0/(0, 0, 0)
128.0/163.0/13.0/(0, 0, 0)
128.0/163.0/13.0/(0, 0, 0)
128.0/163.0/13.0/(0, 0, 0)
128.0/165.0/13.0/(0, 0, 0)
128.0/165.0/13.0/(0, 0, 0)
128.0/165.0/13.0/(0, 0, 0)
128.0/165.0/13.0/(0, 0, 0)
128.0/167.0/13.0/(0, 0, 0)
128.0/167.0/13.0/(0, 0, 0)
128.0/167.0/13.0/(0, 0, 0)
128.0/167.0/13.0/(0, 0, 0)
128.0/167.0/13.0/(0, 0, 0)
128.0/168.0/13.0/(0, 0, 0)
128.0/168.0/13.0/(0, 0, 0)
128.0/168.0/13.0/(0, 0, 0)
128.0/168.0/13.0/(0, 0, 0)
128.0/170.0/13.0/(0, 0, 0)
128.0/170.0/13.0/(0, 0, 0)
128.0/170.0/13.0/(0, 0, 0)
128.0/170.0/13.0/(0, 0, 0)
127.0/173.0/13.0/(0, 0, 0)
127.0/173.0/13.0/(0, 0, 0)
127.0/173.0/13.0/(0, 0, 0)
127.0/173.0/13.0/(0, 0, 0)
126.0/175.0/13.0/(0, 0, 0)
126.0/175.0/13.0/(0, 0, 0)
126.0/175.0/13.0/(0, 0, 0)
126.0/175.0/13.0/(0, 0, 0)
126.0/175.0/13.0/(0, 0, 0)
125.0/177.0/13.0/(0, 0, 0)
125.0/177.0/13.0/(0, 0, 0)
125.0/177.0/13.0/(0, 0, 0)
125.0/177.0/13.0/(0, 0, 0)
125.0/179.0/13.0/(0, 0, 0)
125.0/179.0/13.0/(0, 0, 0)
125.0/179.0/13.0/(0, 0, 0)
125.0/179.0/13.0/(0, 0, 0)
125.0/181.0/13.0/(0, 0, 0)
125.0/181.0/13.0/(0, 0, 0)
125.0/181.0/13.0/(0, 0, 0)
125.0/181.0/13.0/(0, 0, 0)
124.0/184.0/13.0/(0, 0, 0)
124.0/184.0/13.0/(0, 0, 0)
124.0/184.0/13.0/(0, 0, 0)
124.0/184.0/13.0/(0, 0, 0)
124.0/184.0/13.0/(0, 0, 0)
123.0/187.0/13.0/(0, 0, 0)
123.0/187.0/13.0/(0, 0, 0)
123.0/187.0/13.0/(0, 0, 0)
123.0/187.0/13.0/(0, 0, 0)
123.0/189.0/13.0/(0, 0, 0)
123.0/189.0/13.0/(0, 0, 0)
123.0/189.0/13.0/(0, 0, 0)
123.0/189.0/13.0/(0, 0, 0)
123.0/192.0/13.0/(0, 0, 0)
123.0/192.0/13.0/(0, 0, 0)
123.0/192.0/13.0/(0, 0, 0)
123.0/192.0/13.0/(0, 0, 0)
121.0/196.0/13.0/(0, 0, 0)
121.0/196.0/13.0/(0, 0, 0)
121.0/196.0/13.0/(0, 0, 0)
121.0/196.0/13.0/(0, 0, 0)
121.0/199.0/13.0/(0, 0, 0)
121.0/199.0/13.0/(0, 0, 0)
121.0/199.0/13.0/(0, 0, 0)
121.0/199.0/13.0/(0, 0, 0)
121.0/199.0/13.0/(0, 0, 0)
121.0/202.0/13.0/(0, 0, 0)
121.0/202.0/13.0/(0, 0, 0)
121.0/202.0/13.0/(0, 0, 0)
121.0/202.0/13.0/(0, 0, 0)
119.0/205.0/13.0/(0, 0, 0)
119.0/205.0/13.0/(0, 0, 0)
119.0/205.0/13.0/(0, 0, 0)
119.0/205.0/13.0/(0, 0, 0)
118.0/208.0/13.0/(0, 0, 0)
118.0/208.0/13.0/(0, 0, 0)
118.0/208.0/13.0/(0, 0, 0)
118.0/208.0/13.0/(0, 0, 0)
118.0/211.0/13.0/(0, 0, 0)
118.0/211.0/13.0/(0, 0, 0)
118.0/211.0/13.0/(0, 0, 0)
118.0/211.0/13.0/(0, 0, 0)
118.0/214.0/13.0/(0, 0, 0)
118.0/214.0/13.0/(0, 0, 0)
118.0/214.0/13.0/(0, 0, 0)
118.0/214.0/13.0/(0, 0, 0)
117.0/218.0/13.0/(0, 0, 0)
117.0/218.0/13.0/(0, 0, 0)
117.0/218.0/13.0/(0, 0, 0)
117.0/218.0/13.0/(0, 0, 0)
116.0/222.0/13.0/(0, 0, 0)
116.0/222.0/13.0/(0, 0, 0)
116.0/222.0/13.0/(0, 0, 0)
116.0/222.0/13.0/(0, 0, 0)
114.0/226.0/13.0/(0, 0, 0)
114.0/226.0/13.0/(0, 0, 0)
114.0/226.0/13.0/(0, 0, 0)
114.0/226.0/13.0/(0, 0, 0)
113.0/231.0/13.0/(0, 0, 0)
113.0/231.0/13.0/(0, 0, 0)
113.0/231.0/13.0/(0, 0, 0)
113.0/231.0/13.0/(0, 0, 0)
111.0/235.0/13.0/(0, 0, 0)
111.0/235.0/13.0/(0, 0, 0)
111.0/235.0/13.0/(0, 0, 0)
111.0/235.0/13.0/(0, 0, 0)
111.0/235.0/13.0/(0, 0, 0)
111.0/240.0/13.0/(0, 0, 0)
111.0/240.0/13.0/(0, 0, 0)
111.0/240.0/13.0/(0, 0, 0)
111.0/240.0/13.0/(0, 0, 0)
111.0/244.0/13.0/(0, 0, 0)
111.0/244.0/13.0/(0, 0, 0)
111.0/244.0/13.0/(0, 0, 0)
109.0/247.0/13.0/(0, 0, 0)
109.0/247.0/13.0/(0, 0, 0)
109.0/247.0/13.0/(0, 0, 0)
109.0/247.0/13.0/(0, 0, 0)
108.0/250.0/13.0/(0, 0, 0)
108.0/250.0/13.0/(0, 0, 0)
108.0/250.0/13.0/(0, 0, 0)
108.0/250.0/13.0/(0, 0, 0)
107.0/253.0/13.0/(0, 0, 0)
107.0/253.0/13.0/(0, 0, 0)
107.0/253.0/13.0/(0, 0, 0)
107.0/253.0/13.0/(0, 0, 0)
105.0/259.0/13.0/(0, 0, 0)
105.0/259.0/13.0/(0, 0, 0)
105.0/259.0/13.0/(0, 0, 0)
105.0/259.0/13.0/(0, 0, 0)
105.0/262.0/13.0/(0, 0, 0)
105.0/262.0/13.0/(0, 0, 0)
105.0/262.0/13.0/(0, 0, 0)
105.0/262.0/13.0/(0, 0, 0)
103.0/264.0/13.0/(0, 0, 0)
103.0/264.0/13.0/(0, 0, 0)
103.0/264.0/13.0/(0, 0, 0)
103.0/264.0/13.0/(0, 0, 0)
103.0/264.0/13.0/(0, 0, 0)
103.0/268.0/13.0/(0, 0, 0)
103.0/268.0/13.0/(0, 0, 0)
103.0/268.0/13.0/(0, 0, 0)
103.0/268.0/13.0/(0, 0, 0)
103.0/271.0/13.0/(0, 0, 0)
103.0/271.0/13.0/(0, 0, 0)
103.0/271.0/13.0/(0, 0, 0)
103.0/271.0/13.0/(0, 0, 0)
101.0/275.0/13.0/(0, 0, 0)
101.0/275.0/13.0/(0, 0, 0)
101.0/275.0/13.0/(0, 0, 0)
101.0/275.0/13.0/(0, 0, 0)
101.0/280.0/13.0/(0, 0, 0)
101.0/280.0/13.0/(0, 0, 0)
101.0/280.0/13.0/(0, 0, 0)
101.0/280.0/13.0/(0, 0, 0)
101.0/283.0/13.0/(0, 0, 0)
101.0/283.0/13.0/(0, 0, 0)
101.0/283.0/13.0/(0, 0, 0)
101.0/283.0/13.0/(0, 0, 0)
101.0/286.0/13.0/(0, 0, 0)
101.0/286.0/13.0/(0, 0, 0)
101.0/286.0/13.0/(0, 0, 0)
101.0/286.0/13.0/(0, 0, 0)
100.0/289.0/13.0/(0, 0, 0)
100.0/289.0/13.0/(0, 0, 0)
100.0/289.0/13.0/(0, 0, 0)
100.0/289.0/13.0/(0, 0, 0)
98.0/292.0/13.0/(0, 0, 0)
98.0/292.0/13.0/(0, 0, 0)
98.0/292.0/13.0/(0, 0, 0)
98.0/292.0/13.0/(0, 0, 0)
98.0/293.0/13.0/(0, 0, 0)
98.0/293.0/13.0/(0, 0, 0)
98.0/293.0/13.0/(0, 0, 0)
98.0/293.0/13.0/(0, 0, 0)
97.0/298.0/13.0/(0, 0, 0)
97.0/298.0/13.0/(0, 0, 0)
97.0/298.0/13.0/(0, 0, 0)
96.0/302.0/13.0/(0, 0, 0)
96.0/302.0/13.0/(0, 0, 0)
96.0/302.0/13.0/(0, 0, 0)
96.0/302.0/13.0/(0, 0, 0)
96.0/302.0/13.0/(0, 0, 0)
96.0/305.0/13.0/(0, 0, 0)
96.0/305.0/13.0/(0, 0, 0)
96.0/305.0/13.0/(0, 0, 0)
96.0/310.0/13.0/(0, 0, 0)
96.0/310.0/13.0/(0, 0, 0)
96.0/310.0/13.0/(0, 0, 0)
96.0/310.0/13.0/(0, 0, 0)
95.0/314.0/13.0/(0, 0, 0)
95.0/314.0/13.0/(0, 0, 0)
95.0/314.0/13.0/(0, 0, 0)
95.0/314.0/13.0/(0, 0, 0)
95.0/317.0/13.0/(0, 0, 0)
95.0/317.0/13.0/(0, 0, 0)
95.0/317.0/13.0/(0, 0, 0)
95.0/317.0/13.0/(0, 0, 0)
95.0/321.0/13.0/(0, 0, 0)
95.0/321.0/13.0/(0, 0, 0)
95.0/321.0/13.0/(0, 0, 0)
95.0/321.0/13.0/(0, 0, 0)
95.0/326.0/13.0/(0, 0, 0)
95.0/326.0/13.0/(0, 0, 0)
95.0/326.0/13.0/(0, 0, 0)
95.0/326.0/13.0/(0, 0, 0)
95.0/330.0/13.0/(0, 0, 0)
95.0/330.0/13.0/(0, 0, 0)
95.0/330.0/13.0/(0, 0, 0)
95.0/334.0/13.0/(0, 0, 0)
95.0/334.0/13.0/(0, 0, 0)
95.0/334.0/13.0/(0, 0, 0)
95.0/334.0/13.0/(0, 0, 0)
95.0/337.0/13.0/(0, 0, 0)
95.0/337.0/13.0/(0, 0, 0)
95.0/337.0/13.0/(0, 0, 0)
95.0/337.0/13.0/(0, 0, 0)
95.0/340.0/13.0/(0, 0, 0)
95.0/340.0/13.0/(0, 0, 0)
95.0/340.0/13.0/(0, 0, 0)
95.0/340.0/13.0/(0, 0, 0)
95.0/343.0/13.0/(0, 0, 0)
95.0/343.0/13.0/(0, 0, 0)
95.0/343.0/13.0/(0, 0, 0)
95.0/344.0/13.0/(0, 0, 0)
95.0/344.0/13.0/(0, 0, 0)
95.0/344.0/13.0/(0, 0, 0)
95.0/344.0/13.0/(0, 0, 0)
95.0/345.0/13.0/(0, 0, 0)
95.0/345.0/13.0/(0, 0, 0)
95.0/345.0/13.0/(0, 0, 0)
95.0/345.0/13.0/(0, 0, 0)
95.0/347.0/13.0/(0, 0, 0)
95.0/347.0/13.0/(0, 0, 0)
95.0/347.0/13.0/(0, 0, 0)
95.0/347.0/13.0/(0, 0, 0)
95.0/349.0/13.0/(0, 0, 0)
95.0/349.0/13.0/(0, 0, 0)
95.0/349.0/13.0/(0, 0, 0)
95.0/349.0/13.0/(0, 0, 0)
95.0/351.0/13.0/(0, 0, 0)
95.0/351.0/13.0/(0, 0, 0)
95.0/351.0/13.0/(0, 0, 0)
95.0/351.0/13.0/(0, 0, 0)
97.0/354.0/13.0/(0, 0, 0)
97.0/354.0/13.0/(0, 0, 0)
97.0/354.0/13.0/(0, 0, 0)
98.0/357.0/13.0/(0, 0, 0)
98.0/357.0/13.0/(0, 0, 0)
98.0/357.0/13.0/(0, 0, 0)
98.0/357.0/13.0/(0, 0, 0)
101.0/363.0/13.0/(0, 0, 0)
101.0/363.0/13.0/(0, 0, 0)
101.0/363.0/13.0/(0, 0, 0)
101.0/363.0/13.0/(0, 0, 0)
101.0/365.0/13.0/(0, 0, 0)
101.0/365.0/13.0/(0, 0, 0)
101.0/365.0/13.0/(0, 0, 0)
103.0/368.0/13.0/(0, 0, 0)
103.0/368.0/13.0/(0, 0, 0)
103.0/368.0/13.0/(0, 0, 0)
103.0/368.0/13.0/(0, 0, 0)
104.0/368.0/13.0/(0, 0, 0)
104.0/368.0/13.0/(0, 0, 0)
104.0/368.0/13.0/(0, 0, 0)
104.0/370.0/13.0/(0, 0, 0)
104.0/370.0/13.0/(0, 0, 0)
104.0/370.0/13.0/(0, 0, 0)
104.0/370.0/13.0/(0, 0, 0)
105.0/371.0/13.0/(0, 0, 0)
105.0/371.0/13.0/(0, 0, 0)
105.0/371.0/13.0/(0, 0, 0)
105.0/371.0/13.0/(0, 0, 0)
105.0/371.0/13.0/(0, 0, 0)
105.0/371.0/13.0/(0, 0, 0)
105.0/371.0/13.0/(0, 0, 0)
106.0/373.0/13.0/(0, 0, 0)
106.0/373.0/13.0/(0, 0, 0)
106.0/373.0/13.0/(0, 0, 0)
106.0/373.0/13.0/(0, 0, 0)
107.0/373.0/13.0/(0, 0, 0)
107.0/373.0/13.0/(0, 0, 0)
107.0/373.0/13.0/(0, 0, 0)
107.0/373.0/13.0/(0, 0, 0)
107.0/374.0/13.0/(0, 0, 0)
107.0/374.0/13.0/(0, 0, 0)
107.0/374.0/13.0/(0, 0, 0)
107.0/374.0/13.0/(0, 0, 0)
109.0/376.0/13.0/(0, 0, 0)
109.0/376.0/13.0/(0, 0, 0)
109.0/376.0/13.0/(0, 0, 0)
109.0/376.0/13.0/(0, 0, 0)
109.0/376.0/13.0/(0, 0, 0)
109.0/376.0/13.0/(0, 0, 0)
109.0/376.0/13.0/(0, 0, 0)
111.0/378.0/13.0/(0, 0, 0)
111.0/378.0/13.0/(0, 0, 0)
111.0/378.0/13.0/(0, 0, 0)
111.0/378.0/13.0/(0, 0, 0)
112.0/379.0/13.0/(0, 0, 0)
112.0/379.0/13.0/(0, 0, 0)
112.0/379.0/13.0/(0, 0, 0)
113.0/380.0/13.0/(0, 0, 0)
113.0/380.0/13.0/(0, 0, 0)
113.0/380.0/13.0/(0, 0, 0)
113.0/380.0/13.0/(0, 0, 0)
114.0/381.0/13.0/(0, 0, 0)
114.0/381.0/13.0/(0, 0, 0)
114.0/381.0/13.0/(0, 0, 0)
114.0/381.0/13.0/(0, 0, 0)
114.0/382.0/13.0/(0, 0, 0)
114.0/382.0/13.0/(0, 0, 0)
114.0/382.0/13.0/(0, 0, 0)
114.0/382.0/13.0/(0, 0, 0)
116.0/383.0/13.0/(0, 0, 0)
116.0/383.0/13.0/(0, 0, 0)
116.0/383.0/13.0/(0, 0, 0)
118.0/384.0/13.0/(0, 0, 0)
118.0/384.0/13.0/(0, 0, 0)
118.0/384.0/13.0/(0, 0, 0)
118.0/384.0/13.0/(0, 0, 0)
120.0/385.0/13.0/(0, 0, 0)
120.0/385.0/13.0/(0, 0, 0)
120.0/385.0/13.0/(0, 0, 0)
120.0/385.0/13.0/(0, 0, 0)
122.0/387.0/13.0/(0, 0, 0)
122.0/387.0/13.0/(0, 0, 0)
122.0/387.0/13.0/(0, 0, 0)
124.0/387.0/13.0/(0, 0, 0)
124.0/387.0/13.0/(0, 0, 0)
124.0/387.0/13.0/(0, 0, 0)
124.0/387.0/13.0/(0, 0, 0)
125.0/387.0/13.0/(0, 0, 0)
125.0/387.0/13.0/(0, 0, 0)
125.0/387.0/13.0/(0, 0, 0)
127.0/388.0/13.0/(0, 0, 0)
127.0/388.0/13.0/(0, 0, 0)
127.0/388.0/13.0/(0, 0, 0)
129.0/389.0/13.0/(0, 0, 0)
129.0/389.0/13.0/(0, 0, 0)
129.0/389.0/13.0/(0, 0, 0)
132.0/390.0/13.0/(0, 0, 0)
132.0/390.0/13.0/(0, 0, 0)
132.0/390.0/13.0/(0, 0, 0)
135.0/391.0/13.0/(0, 0, 0)
135.0/391.0/13.0/(0, 0, 0)
135.0/391.0/13.0/(0, 0, 0)
138.0/394.0/13.0/(0, 0, 0)
138.0/394.0/13.0/(0, 0, 0)
138.0/394.0/13.0/(0, 0, 0)
138.0/394.0/13.0/(0, 0, 0)
140.0/394.0/13.0/(0, 0, 0)
140.0/394.0/13.0/(0, 0, 0)
140.0/394.0/13.0/(0, 0, 0)
143.0/395.0/13.0/(0, 0, 0)
143.0/395.0/13.0/(0, 0, 0)
143.0/395.0/13.0/(0, 0, 0)
146.0/396.0/13.0/(0, 0, 0)
146.0/396.0/13.0/(0, 0, 0)
146.0/396.0/13.0/(0, 0, 0)
149.0/396.0/13.0/(0, 0, 0)
149.0/396.0/13.0/(0, 0, 0)
149.0/396.0/13.0/(0, 0, 0)
151.0/397.0/13.0/(0, 0, 0)
151.0/397.0/13.0/(0, 0, 0)
151.0/397.0/13.0/(0, 0, 0)
153.0/397.0/13.0/(0, 0, 0)
153.0/397.0/13.0/(0, 0, 0)
153.0/397.0/13.0/(0, 0, 0)
153.0/397.0/13.0/(0, 0, 0)
156.0/398.0/13.0/(0, 0, 0)
156.0/398.0/13.0/(0, 0, 0)
158.0/398.0/13.0/(0, 0, 0)
158.0/398.0/13.0/(0, 0, 0)
158.0/398.0/13.0/(0, 0, 0)
158.0/398.0/13.0/(0, 0, 0)
159.0/398.0/13.0/(0, 0, 0)
159.0/398.0/13.0/(0, 0, 0)
159.0/398.0/13.0/(0, 0, 0)
161.0/398.0/13.0/(0, 0, 0)
161.0/398.0/13.0/(0, 0, 0)
161.0/398.0/13.0/(0, 0, 0)
163.0/400.0/13.0/(0, 0, 0)
163.0/400.0/13.0/(0, 0, 0)
163.0/400.0/13.0/(0, 0, 0)
165.0/400.0/13.0/(0, 0, 0)
165.0/400.0/13.0/(0, 0, 0)
167.0/400.0/13.0/(0, 0, 0)
167.0/400.0/13.0/(0, 0, 0)
167.0/400.0/13.0/(0, 0, 0)
171.0/401.0/13.0/(0, 0, 0)
171.0/401.0/13.0/(0, 0, 0)
171.0/401.0/13.0/(0, 0, 0)
174.0/402.0/13.0/(0, 0, 0)
174.0/402.0/13.0/(0, 0, 0)
174.0/402.0/13.0/(0, 0, 0)
176.0/402.0/13.0/(0, 0, 0)
176.0/402.0/13.0/(0, 0, 0)
176.0/402.0/13.0/(0, 0, 0)
178.0/403.0/13.0/(0, 0, 0)
178.0/403.0/13.0/(0, 0, 0)
178.0/403.0/13.0/(0, 0, 0)
179.0/403.0/13.0/(0, 0, 0)
179.0/403.0/13.0/(0, 0, 0)
179.0/403.0/13.0/(0, 0, 0)
183.0/403.0/13.0/(0, 0, 0)
183.0/403.0/13.0/(0, 0, 0)
183.0/403.0/13.0/(0, 0, 0)
185.0/404.0/13.0/(0, 0, 0)
185.0/404.0/13.0/(0, 0, 0)
185.0/404.0/13.0/(0, 0, 0)
189.0/405.0/13.0/(0, 0, 0)
189.0/405.0/13.0/(0, 0, 0)
189.0/405.0/13.0/(0, 0, 0)
192.0/407.0/13.0/(0, 0, 0)
192.0/407.0/13.0/(0, 0, 0)
194.0/407.0/13.0/(0, 0, 0)
194.0/407.0/13.0/(0, 0, 0)
194.0/407.0/13.0/(0, 0, 0)
194.0/407.0/13.0/(0, 0, 0)
197.0/407.0/13.0/(0, 0, 0)
197.0/407.0/13.0/(0, 0, 0)
198.0/408.0/13.0/(0, 0, 0)
198.0/408.0/13.0/(0, 0, 0)
198.0/408.0/13.0/(0, 0, 0)
198.0/408.0/13.0/(0, 0, 0)
198.0/409.0/13.0/(0, 0, 0)
198.0/409.0/13.0/(0, 0, 0)
199.0/409.0/13.0/(0, 0, 0)
199.0/409.0/13.0/(0, 0, 0)
199.0/409.0/13.0/(0, 0, 0)
199.0/409.0/13.0/(0, 0, 0)
200.0/409.0/13.0/(0, 0, 0)
200.0/409.0/13.0/(0, 0, 0)
200.0/409.0/13.0/(0, 0, 0)
200.0/409.0/13.0/(0, 0, 0)
200.0/409.0/13.0/(0, 0, 0)
200.0/409.0/13.0/(0, 0, 0)
200.0/409.0/13.0/(0, 0, 0)
200.0/409.0/13.0/(0, 0, 0)
200.0/409.0/13.0/(0, 0, 0)
200.0/409.0/13.0/(0, 0, 0)
200.0/409.0/13.0/(0, 0, 0)
200.0/409.0/13.0/(0, 0, 0)
201.0/409.0/13.0/(0, 0, 0)
201.0/409.0/13.0/(0, 0, 0)
201.0/409.0/13.0/(0, 0, 0)
201.0/409.0/13.0/(0, 0, 0)
201.0/409.0/13.0/(0, 0, 0)
202.0/409.0/13.0/(0, 0, 0)
202.0/409.0/13.0/(0, 0, 0)
202.0/409.0/13.0/(0, 0, 0)
202.0/409.0/13.0/(0, 0, 0)
206.0/411.0/13.0/(0, 0, 0)
206.0/411.0/13.0/(0, 0, 0)
206.0/411.0/13.0/(0, 0, 0)
209.0/411.0/13.0/(0, 0, 0)
209.0/411.0/13.0/(0, 0, 0)
209.0/411.0/13.0/(0, 0, 0)
211.0/411.0/13.0/(0, 0, 0)
211.0/411.0/13.0/(0, 0, 0)
211.0/411.0/13.0/(0, 0, 0)
215.0/412.0/13.0/(0, 0, 0)
215.0/412.0/13.0/(0, 0, 0)
215.0/412.0/13.0/(0, 0, 0)
221.0/414.0/13.0/(0, 0, 0)
221.0/414.0/13.0/(0, 0, 0)
221.0/414.0/13.0/(0, 0, 0)
226.0/414.0/13.0/(0, 0, 0)
226.0/414.0/13.0/(0, 0, 0)
226.0/414.0/13.0/(0, 0, 0)
230.0/415.0/13.0/(0, 0, 0)
230.0/415.0/13.0/(0, 0, 0)
230.0/415.0/13.0/(0, 0, 0)
230.0/415.0/13.0/(0, 0, 0)
234.0/416.0/13.0/(0, 0, 0)
234.0/416.0/13.0/(0, 0, 0)
234.0/416.0/13.0/(0, 0, 0)
239.0/417.0/13.0/(0, 0, 0)
239.0/417.0/13.0/(0, 0, 0)
239.0/416.0/13.0/(0, 0, 0)
242.0/417.0/13.0/(0, 0, 0)
242.0/417.0/13.0/(0, 0, 0)
242.0/417.0/13.0/(0, 0, 0)
246.0/418.0/13.0/(0, 0, 0)
246.0/418.0/13.0/(0, 0, 0)
246.0/418.0/13.0/(0, 0, 0)
247.0/418.0/13.0/(0, 0, 0)
247.0/418.0/13.0/(0, 0, 0)
247.0/418.0/13.0/(0, 0, 0)
250.0/418.0/13.0/(0, 0, 0)
250.0/418.0/13.0/(0, 0, 0)
250.0/418.0/13.0/(0, 0, 0)
254.0/419.0/13.0/(0, 0, 0)
254.0/419.0/13.0/(0, 0, 0)
254.0/419.0/13.0/(0, 0, 0)
256.0/419.0/13.0/(0, 0, 0)
256.0/419.0/13.0/(0, 0, 0)
256.0/419.0/13.0/(0, 0, 0)
259.0/420.0/13.0/(0, 0, 0)
259.0/420.0/13.0/(0, 0, 0)
259.0/420.0/13.0/(0, 0, 0)
259.0/420.0/13.0/(0, 0, 0)
262.0/421.0/13.0/(0, 0, 0)
262.0/421.0/13.0/(0, 0, 0)
262.0/420.0/13.0/(0, 0, 0)
266.0/421.0/13.0/(0, 0, 0)
266.0/421.0/13.0/(0, 0, 0)
266.0/421.0/13.0/(0, 0, 0)
266.0/421.0/13.0/(0, 0, 0)
271.0/421.0/13.0/(0, 0, 0)
271.0/421.0/13.0/(0, 0, 0)
271.0/421.0/13.0/(0, 0, 0)
276.0/423.0/13.0/(0, 0, 0)
277.0/423.0/13.0/(0, 0, 0)
277.0/423.0/13.0/(0, 0, 0)
280.0/424.0/13.0/(0, 0, 0)
281.0/423.0/13.0/(0, 0, 0)
281.0/423.0/13.0/(0, 0, 0)
281.0/423.0/13.0/(0, 0, 0)
284.0/424.0/13.0/(0, 0, 0)
284.0/424.0/13.0/(0, 0, 0)
284.0/424.0/13.0/(0, 0, 0)
289.0/424.0/13.0/(0, 0, 0)
289.0/424.0/13.0/(0, 0, 0)
289.0/424.0/13.0/(0, 0, 0)
291.0/426.0/13.0/(0, 0, 0)
291.0/426.0/13.0/(0, 0, 0)
291.0/426.0/13.0/(0, 0, 0)
294.0/426.0/13.0/(0, 0, 0)
294.0/426.0/13.0/(0, 0, 0)
295.0/426.0/13.0/(0, 0, 0)
297.0/427.0/13.0/(0, 0, 0)
297.0/427.0/13.0/(0, 0, 0)
297.0/427.0/13.0/(0, 0, 0)
297.0/427.0/13.0/(0, 0, 0)
299.0/427.0/13.0/(0, 0, 0)
299.0/427.0/13.0/(0, 0, 0)
299.0/427.0/13.0/(0, 0, 0)
302.0/428.0/13.0/(0, 0, 0)
302.0/428.0/13.0/(0, 0, 0)
302.0/428.0/13.0/(0, 0, 0)
305.0/429.0/13.0/(0, 0, 0)
305.0/429.0/13.0/(0, 0, 0)
305.0/429.0/13.0/(0, 0, 0)
309.0/429.0/13.0/(0, 0, 0)
309.0/429.0/13.0/(0, 0, 0)
309.0/429.0/13.0/(0, 0, 0)
312.0/430.0/13.0/(0, 0, 0)
312.0/430.0/13.0/(0, 0, 0)
312.0/430.0/13.0/(0, 0, 0)
316.0/431.0/13.0/(0, 0, 0)
316.0/431.0/13.0/(0, 0, 0)
316.0/431.0/13.0/(0, 0, 0)
315.0/431.0/13.0/(0, 0, 0)
318.0/432.0/13.0/(0, 0, 0)
318.0/432.0/13.0/(0, 0, 0)
319.0/431.0/13.0/(0, 0, 0)
321.0/432.0/13.0/(0, 0, 0)
321.0/432.0/13.0/(0, 0, 0)
321.0/432.0/13.0/(0, 0, 0)
324.0/432.0/13.0/(0, 0, 0)
324.0/432.0/13.0/(0, 0, 0)
325.0/432.0/13.0/(0, 0, 0)
325.0/432.0/13.0/(0, 0, 0)
328.0/432.0/13.0/(0, 0, 0)
328.0/432.0/13.0/(0, 0, 0)
328.0/432.0/13.0/(0, 0, 0)
329.0/433.0/13.0/(0, 0, 0)
329.0/433.0/13.0/(0, 0, 0)
331.0/434.0/13.0/(0, 0, 0)
331.0/434.0/13.0/(0, 0, 0)
331.0/434.0/13.0/(0, 0, 0)
332.0/434.0/13.0/(0, 0, 0)
332.0/433.0/13.0/(0, 0, 0)
332.0/433.0/13.0/(0, 0, 0)
333.0/434.0/13.0/(0, 0, 0)
333.0/434.0/13.0/(0, 0, 0)
333.0/434.0/13.0/(0, 0, 0)
333.0/434.0/13.0/(0, 0, 0)
333.0/434.0/13.0/(0, 0, 0)
333.0/434.0/13.0/(0, 0, 0)
333.0/434.0/13.0/(0, 0, 0)
333.0/434.0/13.0/(0, 0, 0)
333.0/434.0/13.0/(0, 0, 0)
333.0/433.0/13.0/(0, 0, 0)
334.0/434.0/13.0/(0, 0, 0)
334.0/434.0/13.0/(0, 0, 0)
334.0/434.0/13.0/(0, 0, 0)
335.0/434.0/13.0/(0, 0, 0)
335.0/434.0/13.0/(0, 0, 0)
335.0/434.0/13.0/(0, 0, 0)
338.0/434.0/13.0/(0, 0, 0)
338.0/434.0/13.0/(0, 0, 0)
338.0/434.0/13.0/(0, 0, 0)
340.0/434.0/13.0/(0, 0, 0)
340.0/434.0/13.0/(0, 0, 0)
340.0/434.0/13.0/(0, 0, 0)
345.0/434.0/13.0/(0, 0, 0)
345.0/434.0/13.0/(0, 0, 0)
345.0/434.0/13.0/(0, 0, 0)
350.0/434.0/13.0/(0, 0, 0)
350.0/434.0/13.0/(0, 0, 0)
350.0/434.0/13.0/(0, 0, 0)
352.0/434.0/13.0/(0, 0, 0)
352.0/434.0/13.0/(0, 0, 0)
352.0/434.0/13.0/(0, 0, 0)
356.0/434.0/13.0/(0, 0, 0)
356.0/434.0/13.0/(0, 0, 0)
356.0/434.0/13.0/(0, 0, 0)
362.0/434.0/13.0/(0, 0, 0)
362.0/434.0/13.0/(0, 0, 0)
361.0/434.0/13.0/(0, 0, 0)
367.0/434.0/13.0/(0, 0, 0)
367.0/434.0/13.0/(0, 0, 0)
367.0/434.0/13.0/(0, 0, 0)
374.0/434.0/13.0/(0, 0, 0)
374.0/434.0/13.0/(0, 0, 0)
374.0/434.0/13.0/(0, 0, 0)
379.0/434.0/13.0/(0, 0, 0)
379.0/434.0/13.0/(0, 0, 0)
379.0/434.0/13.0/(0, 0, 0)
384.0/434.0/13.0/(0, 0, 0)
384.0/434.0/13.0/(0, 0, 0)
384.0/434.0/13.0/(0, 0, 0)
389.0/434.0/13.0/(0, 0, 0)
389.0/434.0/13.0/(0, 0, 0)
389.0/434.0/13.0/(0, 0, 0)
390.0/434.0/13.0/(0, 0, 0)
390.0/434.0/13.0/(0, 0, 0)
390.0/434.0/13.0/(0, 0, 0)
392.0/434.0/13.0/(0, 0, 0)
392.0/434.0/13.0/(0, 0, 0)
392.0/434.0/13.0/(0, 0, 0)
393.0/433.0/13.0/(0, 0, 0)
393.0/433.0/13.0/(0, 0, 0)
393.0/433.0/13.0/(0, 0, 0)
393.0/433.0/13.0/(0, 0, 0)
394.0/432.0/13.0/(0, 0, 0)
394.0/432.0/13.0/(0, 0, 0)
394.0/432.0/13.0/(0, 0, 0)
394.0/431.0/13.0/(0, 0, 0)
394.0/431.0/13.0/(0, 0, 0)
395.0/430.0/13.0/(0, 0, 0)
395.0/430.0/13.0/(0, 0, 0)
395.0/430.0/13.0/(0, 0, 0)
396.0/428.0/13.0/(0, 0, 0)
396.0/428.0/13.0/(0, 0, 0)
397.0/425.0/13.0/(0, 0, 0)
397.0/425.0/13.0/(0, 0, 0)
399.0/422.0/13.0/(0, 0, 0)
399.0/422.0/13.0/(0, 0, 0)
402.0/418.0/13.0/(0, 0, 0)
402.0/418.0/13.0/(0, 0, 0)
406.0/415.0/13.0/(0, 0, 0)
406.0/415.0/13.0/(0, 0, 0)
406.0/415.0/13.0/(0, 0, 0)
411.0/412.0/13.0/(0, 0, 0)
411.0/412.0/13.0/(0, 0, 0)
411.0/412.0/13.0/(0, 0, 0)
414.0/410.0/13.0/(0, 0, 0)
414.0/410.0/13.0/(0, 0, 0)
414.0/410.0/13.0/(0, 0, 0)
420.0/407.0/13.0/(0, 0, 0)
420.0/407.0/13.0/(0, 0, 0)
420.0/407.0/13.0/(0, 0, 0)
427.0/404.0/13.0/(0, 0, 0)
427.0/404.0/13.0/(0, 0, 0)
427.0/404.0/13.0/(0, 0, 0)
433.0/401.0/13.0/(0, 0, 0)
433.0/401.0/13.0/(0, 0, 0)
433.0/401.0/13.0/(0, 0, 0)
439.0/397.0/13.0/(0, 0, 0)
439.0/397.0/13.0/(0, 0, 0)
439.0/397.0/13.0/(0, 0, 0)
445.0/393.0/13.0/(0, 0, 0)
445.0/393.0/13.0/(0, 0, 0)
445.0/393.0/13.0/(0, 0, 0)
450.0/390.0/13.0/(0, 0, 0)
450.0/390.0/13.0/(0, 0, 0)
450.0/390.0/13.0/(0, 0, 0)
452.0/388.0/13.0/(0, 0, 0)
452.0/388.0/13.0/(0, 0, 0)
452.0/388.0/13.0/(0, 0, 0)
452.0/388.0/13.0/(0, 0, 0)
454.0/387.0/13.0/(0, 0, 0)
454.0/387.0/13.0/(0, 0, 0)
454.0/387.0/13.0/(0, 0, 0)
457.0/384.0/13.0/(0, 0, 0)
457.0/384.0/13.0/(0, 0, 0)
457.0/384.0/13.0/(0, 0, 0)
459.0/383.0/13.0/(0, 0, 0)
459.0/383.0/13.0/(0, 0, 0)
459.0/383.0/13.0/(0, 0, 0)
460.0/381.0/13.0/(0, 0, 0)
460.0/381.0/13.0/(0, 0, 0)
460.0/381.0/13.0/(0, 0, 0)
462.0/380.0/13.0/(0, 0, 0)
462.0/380.0/13.0/(0, 0, 0)
462.0/380.0/13.0/(0, 0, 0)
464.0/377.0/13.0/(0, 0, 0)
464.0/377.0/13.0/(0, 0, 0)
464.0/377.0/13.0/(0, 0, 0)
465.0/374.0/13.0/(0, 0, 0)
465.0/374.0/13.0/(0, 0, 0)
465.0/374.0/13.0/(0, 0, 0)
466.0/373.0/13.0/(0, 0, 0)
466.0/373.0/13.0/(0, 0, 0)
466.0/373.0/13.0/(0, 0, 0)
467.0/371.0/13.0/(0, 0, 0)
467.0/371.0/13.0/(0, 0, 0)
467.0/371.0/13.0/(0, 0, 0)
469.0/369.0/13.0/(0, 0, 0)
469.0/369.0/13.0/(0, 0, 0)
469.0/369.0/13.0/(0, 0, 0)
470.0/367.0/13.0/(0, 0, 0)
470.0/367.0/13.0/(0, 0, 0)
470.0/367.0/13.0/(0, 0, 0)
472.0/364.0/13.0/(0, 0, 0)
472.0/364.0/13.0/(0, 0, 0)
472.0/364.0/13.0/(0, 0, 0)
472.0/362.0/13.0/(0, 0, 0)
472.0/362.0/13.0/(0, 0, 0)
472.0/362.0/13.0/(0, 0, 0)
474.0/359.0/13.0/(0, 0, 0)
474.0/359.0/13.0/(0, 0, 0)
474.0/359.0/13.0/(0, 0, 0)
475.0/356.0/13.0/(0, 0, 0)
475.0/356.0/13.0/(0, 0, 0)
475.0/356.0/13.0/(0, 0, 0)
475.0/356.0/13.0/(0, 0, 0)
476.0/354.0/13.0/(0, 0, 0)
476.0/354.0/13.0/(0, 0, 0)
478.0/350.0/13.0/(0, 0, 0)
478.0/350.0/13.0/(0, 0, 0)
478.0/350.0/13.0/(0, 0, 0)
478.0/350.0/13.0/(0, 0, 0)
479.0/348.0/13.0/(0, 0, 0)
479.0/348.0/13.0/(0, 0, 0)
479.0/348.0/13.0/(0, 0, 0)
480.0/344.0/13.0/(0, 0, 0)
480.0/344.0/13.0/(0, 0, 0)
480.0/344.0/13.0/(0, 0, 0)
481.0/342.0/13.0/(0, 0, 0)
481.0/342.0/13.0/(0, 0, 0)
481.0/342.0/13.0/(0, 0, 0)
481.0/339.0/13.0/(0, 0, 0)
481.0/339.0/13.0/(0, 0, 0)
482.0/337.0/13.0/(0, 0, 0)
482.0/337.0/13.0/(0, 0, 0)
482.0/337.0/13.0/(0, 0, 0)
483.0/335.0/13.0/(0, 0, 0)
483.0/335.0/13.0/(0, 0, 0)
483.0/335.0/13.0/(0, 0, 0)
484.0/332.0/13.0/(0, 0, 0)
484.0/332.0/13.0/(0, 0, 0)
484.0/332.0/13.0/(0, 0, 0)
485.0/329.0/13.0/(0, 0, 0)
485.0/329.0/13.0/(0, 0, 0)
485.0/329.0/13.0/(0, 0, 0)
485.0/328.0/13.0/(0, 0, 0)
485.0/328.0/13.0/(0, 0, 0)
485.0/328.0/13.0/(0, 0, 0)
486.0/324.0/13.0/(0, 0, 0)
486.0/324.0/13.0/(0, 0, 0)
486.0/324.0/13.0/(0, 0, 0)
488.0/321.0/13.0/(0, 0, 0)
488.0/321.0/13.0/(0, 0, 0)
488.0/321.0/13.0/(0, 0, 0)
488.0/319.0/13.0/(0, 0, 0)
488.0/319.0/13.0/(0, 0, 0)
488.0/319.0/13.0/(0, 0, 0)
489.0/317.0/13.0/(0, 0, 0)
489.0/317.0/13.0/(0, 0, 0)
489.0/317.0/13.0/(0, 0, 0)
489.0/316.0/13.0/(0, 0, 0)
489.0/316.0/13.0/(0, 0, 0)
489.0/316.0/13.0/(0, 0, 0)
490.0/315.0/13.0/(0, 0, 0)
490.0/315.0/13.0/(0, 0, 0)
490.0/315.0/13.0/(0, 0, 0)
490.0/313.0/13.0/(0, 0, 0)
490.0/313.0/13.0/(0, 0, 0)
490.0/313.0/13.0/(0, 0, 0)
490.0/311.0/13.0/(0, 0, 0)
490.0/311.0/13.0/(0, 0, 0)
490.0/311.0/13.0/(0, 0, 0)
490.0/310.0/13.0/(0, 0, 0)
490.0/310.0/13.0/(0, 0, 0)
490.0/309.0/13.0/(0, 0, 0)
490.0/309.0/13.0/(0, 0, 0)
490.0/309.0/13.0/(0, 0, 0)
490.0/307.0/13.0/(0, 0, 0)
490.0/307.0/13.0/(0, 0, 0)
490.0/307.0/13.0/(0, 0, 0)
490.0/306.0/13.0/(0, 0, 0)
490.0/306.0/13.0/(0, 0, 0)
490.0/306.0/13.0/(0, 0, 0)
490.0/305.0/13.0/(0, 0, 0)
490.0/305.0/13.0/(0, 0, 0)
490.0/305.0/13.0/(0, 0, 0)
491.0/303.0/13.0/(0, 0, 0)
491.0/303.0/13.0/(0, 0, 0)
491.0/303.0/13.0/(0, 0, 0)
491.0/303.0/13.0/(0, 0, 0)
491.0/303.0/13.0/(0, 0, 0)
491.0/301.0/13.0/(0, 0, 0)
491.0/301.0/13.0/(0, 0, 0)
491.0/301.0/13.0/(0, 0, 0)
491.0/301.0/13.0/(0, 0, 0)
491.0/301.0/13.0/(0, 0, 0)
491.0/300.0/13.0/(0, 0, 0)
491.0/300.0/13.0/(0, 0, 0)
491.0/300.0/13.0/(0, 0, 0)
491.0/299.0/13.0/(0, 0, 0)
491.0/299.0/13.0/(0, 0, 0)
491.0/299.0/13.0/(0, 0, 0)
491.0/298.0/13.0/(0, 0, 0)
491.0/298.0/13.0/(0, 0, 0)
491.0/298.0/13.0/(0, 0, 0)
491.0/298.0/13.0/(0, 0, 0)
491.0/298.0/13.0/(0, 0, 0)
491.0/298.0/13.0/(0, 0, 0)
491.0/297.0/13.0/(0, 0, 0)
491.0/297.0/13.0/(0, 0, 0)
491.0/297.0/13.0/(0, 0, 0)
491.0/296.0/13.0/(0, 0, 0)
491.0/296.0/13.0/(0, 0, 0)
491.0/296.0/13.0/(0, 0, 0)
491.0/294.0/13.0/(0, 0, 0)
491.0/294.0/13.0/(0, 0, 0)
491.0/294.0/13.0/(0, 0, 0)
491.0/293.0/13.0/(0, 0, 0)
491.0/293.0/13.0/(0, 0, 0)
491.0/293.0/13.0/(0, 0, 0)
491.0/291.0/13.0/(0, 0, 0)
491.0/291.0/13.0/(0, 0, 0)
491.0/291.0/13.0/(0, 0, 0)
491.0/289.0/13.0/(0, 0, 0)
491.0/289.0/13.0/(0, 0, 0)
491.0/288.0/13.0/(0, 0, 0)
491.0/288.0/13.0/(0, 0, 0)
491.0/288.0/13.0/(0, 0, 0)
491.0/288.0/13.0/(0, 0, 0)
491.0/286.0/13.0/(0, 0, 0)
491.0/286.0/13.0/(0, 0, 0)
491.0/285.0/13.0/(0, 0, 0)
491.0/285.0/13.0/(0, 0, 0)
491.0/285.0/13.0/(0, 0, 0)
491.0/283.0/13.0/(0, 0, 0)
491.0/283.0/13.0/(0, 0, 0)
491.0/282.0/13.0/(0, 0, 0)
491.0/282.0/13.0/(0, 0, 0)
491.0/281.0/13.0/(0, 0, 0)
491.0/281.0/13.0/(0, 0, 0)
491.0/280.0/13.0/(0, 0, 0)
491.0/278.0/13.0/(0, 0, 0)
491.0/278.0/13.0/(0, 0, 0)
491.0/275.0/13.0/(0, 0, 0)
491.0/275.0/13.0/(0, 0, 0)
491.0/272.0/13.0/(0, 0, 0)
491.0/272.0/13.0/(0, 0, 0)
491.0/272.0/13.0/(0, 0, 0)
491.0/271.0/13.0/(0, 0, 0)
491.0/271.0/13.0/(0, 0, 0)
491.0/271.0/13.0/(0, 0, 0)
491.0/269.0/13.0/(0, 0, 0)
491.0/269.0/13.0/(0, 0, 0)
491.0/269.0/13.0/(0, 0, 0)
490.0/267.0/13.0/(0, 0, 0)
490.0/267.0/13.0/(0, 0, 0)
490.0/265.0/13.0/(0, 0, 0)
490.0/265.0/13.0/(0, 0, 0)
490.0/265.0/13.0/(0, 0, 0)
489.0/262.0/13.0/(0, 0, 0)
489.0/262.0/13.0/(0, 0, 0)
489.0/262.0/13.0/(0, 0, 0)
489.0/261.0/13.0/(0, 0, 0)
489.0/261.0/13.0/(0, 0, 0)
489.0/261.0/13.0/(0, 0, 0)
488.0/259.0/13.0/(0, 0, 0)
488.0/259.0/13.0/(0, 0, 0)
488.0/259.0/13.0/(0, 0, 0)
488.0/258.0/13.0/(0, 0, 0)
488.0/258.0/13.0/(0, 0, 0)
488.0/258.0/13.0/(0, 0, 0)
488.0/257.0/13.0/(0, 0, 0)
488.0/257.0/13.0/(0, 0, 0)
488.0/257.0/13.0/(0, 0, 0)
488.0/257.0/13.0/(0, 0, 0)
488.0/257.0/13.0/(0, 0, 0)
486.0/255.0/13.0/(0, 0, 0)
486.0/255.0/13.0/(0, 0, 0)
486.0/255.0/13.0/(0, 0, 0)
486.0/255.0/13.0/(0, 0, 0)
486.0/255.0/13.0/(0, 0, 0)
486.0/255.0/13.0/(0, 0, 0)
486.0/255.0/13.0/(0, 0, 0)
486.0/255.0/13.0/(0, 0, 0)
486.0/255.0/13.0/(0, 0, 0)
485.0/254.0/13.0/(0, 0, 0)
485.0/254.0/13.0/(0, 0, 0)
485.0/254.0/13.0/(0, 0, 0)
485.0/253.0/13.0/(0, 0, 0)
485.0/253.0/13.0/(0, 0, 0)
484.0/253.0/13.0/(0, 0, 0)
484.0/253.0/13.0/(0, 0, 0)
484.0/253.0/13.0/(0, 0, 0)
483.0/253.0/13.0/(0, 0, 0)
483.0/253.0/13.0/(0, 0, 0)
483.0/253.0/13.0/(0, 0, 0)
482.0/252.0/13.0/(0, 0, 0)
482.0/252.0/13.0/(0, 0, 0)
482.0/252.0/13.0/(0, 0, 0)
482.0/252.0/13.0/(0, 0, 0)
482.0/252.0/13.0/(0, 0, 0)
482.0/252.0/13.0/(0, 0, 0)
481.0/251.0/13.0/(0, 0, 0)
481.0/251.0/13.0/(0, 0, 0)
481.0/251.0/13.0/(0, 0, 0)
480.0/251.0/13.0/(0, 0, 0)
480.0/251.0/13.0/(0, 0, 0)
478.0/250.0/13.0/(0, 0, 0)
478.0/250.0/13.0/(0, 0, 0)
478.0/250.0/13.0/(0, 0, 0)
476.0/248.0/13.0/(0, 0, 0)
476.0/248.0/13.0/(0, 0, 0)
476.0/248.0/13.0/(0, 0, 0)
473.0/247.0/13.0/(0, 0, 0)
473.0/247.0/13.0/(0, 0, 0)
473.0/247.0/13.0/(0, 0, 0)
470.0/244.0/13.0/(0, 0, 0)
470.0/244.0/13.0/(0, 0, 0)
470.0/244.0/13.0/(0, 0, 0)
467.0/241.0/13.0/(0, 0, 0)
467.0/241.0/13.0/(0, 0, 0)
462.0/239.0/13.0/(0, 0, 0)
462.0/239.0/13.0/(0, 0, 0)
462.0/239.0/13.0/(0, 0, 0)
456.0/235.0/13.0/(0, 0, 0)
456.0/235.0/13.0/(0, 0, 0)
456.0/235.0/13.0/(0, 0, 0)
451.0/230.0/13.0/(0, 0, 0)
451.0/230.0/13.0/(0, 0, 0)
451.0/230.0/13.0/(0, 0, 0)
450.0/228.0/13.0/(0, 0, 0)
450.0/228.0/13.0/(0, 0, 0)
450.0/228.0/13.0/(0, 0, 0)
448.0/225.0/13.0/(0, 0, 0)
448.0/225.0/13.0/(0, 0, 0)
447.0/223.0/13.0/(0, 0, 0)
447.0/223.0/13.0/(0, 0, 0)
447.0/223.0/13.0/(0, 0, 0)
445.0/221.0/13.0/(0, 0, 0)
445.0/221.0/13.0/(0, 0, 0)
445.0/221.0/13.0/(0, 0, 0)
443.0/219.0/13.0/(0, 0, 0)
443.0/219.0/13.0/(0, 0, 0)
442.0/219.0/13.0/(0, 0, 0)
442.0/219.0/13.0/(0, 0, 0)
442.0/219.0/13.0/(0, 0, 0)
442.0/218.0/13.0/(0, 0, 0)
442.0/218.0/13.0/(0, 0, 0)
442.0/218.0/13.0/(0, 0, 0)
440.0/217.0/13.0/(0, 0, 0)
440.0/217.0/13.0/(0, 0, 0)
439.0/214.0/13.0/(0, 0, 0)
439.0/214.0/13.0/(0, 0, 0)
439.0/214.0/13.0/(0, 0, 0)
439.0/213.0/13.0/(0, 0, 0)
439.0/213.0/13.0/(0, 0, 0)
439.0/213.0/13.0/(0, 0, 0)
437.0/210.0/13.0/(0, 0, 0)
437.0/210.0/13.0/(0, 0, 0)
437.0/208.0/13.0/(0, 0, 0)
437.0/208.0/13.0/(0, 0, 0)
437.0/208.0/13.0/(0, 0, 0)
436.0/204.0/13.0/(0, 0, 0)
436.0/204.0/13.0/(0, 0, 0)
436.0/204.0/13.0/(0, 0, 0)
434.0/199.0/13.0/(0, 0, 0)
434.0/199.0/13.0/(0, 0, 0)
434.0/194.0/13.0/(0, 0, 0)
434.0/194.0/13.0/(0, 0, 0)
434.0/194.0/13.0/(0, 0, 0)
433.0/191.0/13.0/(0, 0, 0)
433.0/191.0/13.0/(0, 0, 0)
433.0/191.0/13.0/(0, 0, 0)
431.0/186.0/13.0/(0, 0, 0)
431.0/186.0/13.0/(0, 0, 0)
431.0/186.0/13.0/(0, 0, 0)
431.0/183.0/13.0/(0, 0, 0)
431.0/183.0/13.0/(0, 0, 0)
430.0/180.0/13.0/(0, 0, 0)
430.0/180.0/13.0/(0, 0, 0)
430.0/180.0/13.0/(0, 0, 0)
430.0/178.0/13.0/(0, 0, 0)
430.0/178.0/13.0/(0, 0, 0)
430.0/178.0/13.0/(0, 0, 0)
429.0/176.0/13.0/(0, 0, 0)
429.0/176.0/13.0/(0, 0, 0)
429.0/176.0/13.0/(0, 0, 0)
429.0/174.0/13.0/(0, 0, 0)
429.0/174.0/13.0/(0, 0, 0)
427.0/170.0/13.0/(0, 0, 0)
427.0/170.0/13.0/(0, 0, 0)
427.0/170.0/13.0/(0, 0, 0)
427.0/169.0/13.0/(0, 0, 0)
427.0/169.0/13.0/(0, 0, 0)
427.0/169.0/13.0/(0, 0, 0)
427.0/167.0/13.0/(0, 0, 0)
427.0/167.0/13.0/(0, 0, 0)
427.0/167.0/13.0/(0, 0, 0)
427.0/165.0/13.0/(0, 0, 0)
427.0/165.0/13.0/(0, 0, 0)
426.0/163.0/13.0/(0, 0, 0)
426.0/163.0/13.0/(0, 0, 0)
426.0/163.0/13.0/(0, 0, 0)
426.0/163.0/13.0/(0, 0, 0)
426.0/163.0/13.0/(0, 0, 0)
426.0/163.0/13.0/(0, 0, 0)
425.0/161.0/13.0/(0, 0, 0)
425.0/161.0/13.0/(0, 0, 0)
425.0/161.0/13.0/(0, 0, 0)
425.0/161.0/13.0/(0, 0, 0)
425.0/161.0/13.0/(0, 0, 0)
425.0/161.0/13.0/(0, 0, 0)
425.0/161.0/13.0/(0, 0, 0)
425.0/161.0/13.0/(0, 0, 0)
425.0/160.0/13.0/(0, 0, 0)
425.0/160.0/13.0/(0, 0, 0)
425.0/160.0/13.0/(0, 0, 0)
425.0/160.0/13.0/(0, 0, 0)
425.0/160.0/13.0/(0, 0, 0)
425.0/158.0/13.0/(0, 0, 0)
425.0/158.0/13.0/(0, 0, 0)
425.0/158.0/13.0/(0, 0, 0)
423.0/157.0/13.0/(0, 0, 0)
423.0/157.0/13.0/(0, 0, 0)
423.0/157.0/13.0/(0, 0, 0)
423.0/157.0/13.0/(0, 0, 0)
423.0/157.0/13.0/(0, 0, 0)
423.0/156.0/13.0/(0, 0, 0)
423.0/156.0/13.0/(0, 0, 0)
423.0/156.0/13.0/(0, 0, 0)
422.0/154.0/13.0/(0, 0, 0)
422.0/154.0/13.0/(0, 0, 0)
422.0/154.0/13.0/(0, 0, 0)
420.0/152.0/13.0/(0, 0, 0)
420.0/152.0/13.0/(0, 0, 0)
420.0/152.0/13.0/(0, 0, 0)
420.0/151.0/13.0/(0, 0, 0)
420.0/151.0/13.0/(0, 0, 0)
418.0/149.0/13.0/(0, 0, 0)
418.0/149.0/13.0/(0, 0, 0)
418.0/149.0/13.0/(0, 0, 0)
417.0/147.0/13.0/(0, 0, 0)
417.0/147.0/13.0/(0, 0, 0)
417.0/147.0/13.0/(0, 0, 0)
416.0/146.0/13.0/(0, 0, 0)
416.0/146.0/13.0/(0, 0, 0)
414.0/142.0/13.0/(0, 0, 0)
414.0/142.0/13.0/(0, 0, 0)
414.0/142.0/13.0/(0, 0, 0)
413.0/142.0/13.0/(0, 0, 0)
413.0/142.0/13.0/(0, 0, 0)
413.0/142.0/13.0/(0, 0, 0)
412.0/140.0/13.0/(0, 0, 0)
412.0/140.0/13.0/(0, 0, 0)
410.0/138.0/13.0/(0, 0, 0)
410.0/138.0/13.0/(0, 0, 0)
410.0/138.0/13.0/(0, 0, 0)
408.0/136.0/13.0/(0, 0, 0)
408.0/136.0/13.0/(0, 0, 0)
408.0/136.0/13.0/(0, 0, 0)
408.0/136.0/13.0/(0, 0, 0)
408.0/136.0/13.0/(0, 0, 0)
407.0/135.0/13.0/(0, 0, 0)
407.0/135.0/13.0/(0, 0, 0)
407.0/135.0/13.0/(0, 0, 0)
406.0/134.0/13.0/(0, 0, 0)
406.0/134.0/13.0/(0, 0, 0)
406.0/134.0/13.0/(0, 0, 0)
404.0/132.0/13.0/(0, 0, 0)
404.0/132.0/13.0/(0, 0, 0)
404.0/132.0/13.0/(0, 0, 0)
404.0/132.0/13.0/(0, 0, 0)
404.0/132.0/13.0/(0, 0, 0)
402.0/130.0/13.0/(0, 0, 0)
402.0/130.0/13.0/(0, 0, 0)
402.0/130.0/13.0/(0, 0, 0)
400.0/129.0/13.0/(0, 0, 0)
400.0/129.0/13.0/(0, 0, 0)
400.0/129.0/13.0/(0, 0, 0)
400.0/128.0/13.0/(0, 0, 0)
400.0/128.0/13.0/(0, 0, 0)
398.0/128.0/13.0/(0, 0, 0)
398.0/128.0/13.0/(0, 0, 0)
398.0/128.0/13.0/(0, 0, 0)
395.0/125.0/13.0/(0, 0, 0)
395.0/125.0/13.0/(0, 0, 0)
394.0/125.0/13.0/(0, 0, 0)
394.0/125.0/13.0/(0, 0, 0)
394.0/125.0/13.0/(0, 0, 0)
392.0/123.0/13.0/(0, 0, 0)
392.0/123.0/13.0/(0, 0, 0)
392.0/123.0/13.0/(0, 0, 0)
391.0/123.0/13.0/(0, 0, 0)
391.0/123.0/13.0/(0, 0, 0)
389.0/121.0/13.0/(0, 0, 0)
389.0/121.0/13.0/(0, 0, 0)
389.0/121.0/13.0/(0, 0, 0)
389.0/121.0/13.0/(0, 0, 0)
389.0/121.0/13.0/(0, 0, 0)
386.0/119.0/13.0/(0, 0, 0)
386.0/119.0/13.0/(0, 0, 0)
386.0/119.0/13.0/(0, 0, 0)
384.0/119.0/13.0/(0, 0, 0)
384.0/119.0/13.0/(0, 0, 0)
384.0/119.0/13.0/(0, 0, 0)
381.0/117.0/13.0/(0, 0, 0)
381.0/117.0/13.0/(0, 0, 0)
379.0/117.0/13.0/(0, 0, 0)
379.0/117.0/13.0/(0, 0, 0)
379.0/117.0/13.0/(0, 0, 0)
376.0/116.0/13.0/(0, 0, 0)
376.0/116.0/13.0/(0, 0, 0)
376.0/116.0/13.0/(0, 0, 0)
373.0/115.0/13.0/(0, 0, 0)
373.0/115.0/13.0/(0, 0, 0)
371.0/114.0/13.0/(0, 0, 0)
371.0/114.0/13.0/(0, 0, 0)
371.0/114.0/13.0/(0, 0, 0)
368.0/112.0/13.0/(0, 0, 0)
368.0/112.0/13.0/(0, 0, 0)
368.0/112.0/13.0/(0, 0, 0)
365.0/112.0/13.0/(0, 0, 0)
365.0/112.0/13.0/(0, 0, 0)
363.0/110.0/13.0/(0, 0, 0)
363.0/110.0/13.0/(0, 0, 0)
363.0/110.0/13.0/(0, 0, 0)
360.0/109.0/13.0/(0, 0, 0)
360.0/109.0/13.0/(0, 0, 0)
358.0/109.0/13.0/(0, 0, 0)
358.0/109.0/13.0/(0, 0, 0)
354.0/108.0/13.0/(0, 0, 0)
354.0/108.0/13.0/(0, 0, 0)
351.0/107.0/13.0/(0, 0, 0)
351.0/107.0/13.0/(0, 0, 0)
351.0/107.0/13.0/(0, 0, 0)
349.0/106.0/13.0/(0, 0, 0)
349.0/106.0/13.0/(0, 0, 0)
349.0/106.0/13.0/(0, 0, 0)
347.0/106.0/13.0/(0, 0, 0)
347.0/106.0/13.0/(0, 0, 0)
345.0/105.0/13.0/(0, 0, 0)
345.0/105.0/13.0/(0, 0, 0)
345.0/105.0/13.0/(0, 0, 0)
343.0/103.0/13.0/(0, 0, 0)
343.0/103.0/13.0/(0, 0, 0)
343.0/103.0/13.0/(0, 0, 0)
340.0/103.0/13.0/(0, 0, 0)
340.0/103.0/13.0/(0, 0, 0)
338.0/103.0/13.0/(0, 0, 0)
338.0/103.0/13.0/(0, 0, 0)
338.0/103.0/13.0/(0, 0, 0)
336.0/101.0/13.0/(0, 0, 0)
336.0/101.0/13.0/(0, 0, 0)
334.0/101.0/13.0/(0, 0, 0)
334.0/101.0/13.0/(0, 0, 0)
334.0/101.0/13.0/(0, 0, 0)
332.0/100.0/13.0/(0, 0, 0)
332.0/100.0/13.0/(0, 0, 0)
329.0/99.0/13.0/(0, 0, 0)
329.0/99.0/13.0/(0, 0, 0)
329.0/99.0/13.0/(0, 0, 0)
327.0/99.0/13.0/(0, 0, 0)
327.0/99.0/13.0/(0, 0, 0)
325.0/97.0/13.0/(0, 0, 0)
325.0/97.0/13.0/(0, 0, 0)
325.0/97.0/13.0/(0, 0, 0)
324.0/97.0/13.0/(0, 0, 0)
324.0/97.0/13.0/(0, 0, 0)
324.0/97.0/13.0/(0, 0, 0)
321.0/97.0/13.0/(0, 0, 0)
321.0/97.0/13.0/(0, 0, 0)
317.0/95.0/13.0/(0, 0, 0)
317.0/95.0/13.0/(0, 0, 0)
317.0/95.0/13.0/(0, 0, 0)
316.0/95.0/13.0/(0, 0, 0)
316.0/95.0/13.0/(0, 0, 0)
312.0/93.0/13.0/(0, 0, 0)
312.0/93.0/13.0/(0, 0, 0)
312.0/93.0/13.0/(0, 0, 0)
309.0/92.0/13.0/(0, 0, 0)
309.0/92.0/13.0/(0, 0, 0)
307.0/92.0/13.0/(0, 0, 0)
307.0/92.0/13.0/(0, 0, 0)
307.0/92.0/13.0/(0, 0, 0)
302.0/90.0/13.0/(0, 0, 0)
302.0/90.0/13.0/(0, 0, 0)
300.0/90.0/13.0/(0, 0, 0)
300.0/90.0/13.0/(0, 0, 0)
300.0/90.0/13.0/(0, 0, 0)
296.0/90.0/13.0/(0, 0, 0)
296.0/90.0/13.0/(0, 0, 0)
293.0/89.0/13.0/(0, 0, 0)
293.0/89.0/13.0/(0, 0, 0)
293.0/89.0/13.0/(0, 0, 0)
291.0/89.0/13.0/(0, 0, 0)
291.0/89.0/13.0/(0, 0, 0)
288.0/89.0/13.0/(0, 0, 0)
288.0/89.0/13.0/(0, 0, 0)
288.0/89.0/13.0/(0, 0, 0)
287.0/89.0/13.0/(0, 0, 0)
287.0/89.0/13.0/(0, 0, 0)
286.0/89.0/13.0/(0, 0, 0)
286.0/89.0/13.0/(0, 0, 0)
286.0/89.0/13.0/(0, 0, 0)
286.0/88.0/13.0/(0, 0, 0)
286.0/88.0/13.0/(0, 0, 0)
285.0/88.0/13.0/(0, 0, 0)
285.0/88.0/13.0/(0, 0, 0)
285.0/88.0/13.0/(0, 0, 0)
283.0/88.0/13.0/(0, 0, 0)
283.0/88.0/13.0/(0, 0, 0)
282.0/87.0/13.0/(0, 0, 0)
282.0/87.0/13.0/(0, 0, 0)
282.0/87.0/13.0/(0, 0, 0)
281.0/87.0/13.0/(0, 0, 0)
281.0/87.0/13.0/(0, 0, 0)
281.0/87.0/13.0/(0, 0, 0)
281.0/87.0/13.0/(0, 0, 0)
281.0/87.0/13.0/(0, 0, 0)
278.0/87.0/13.0/(0, 0, 0)
278.0/87.0/13.0/(0, 0, 0)
276.0/87.0/13.0/(0, 0, 0)
276.0/87.0/13.0/(0, 0, 0)
276.0/87.0/13.0/(0, 0, 0)
273.0/87.0/13.0/(0, 0, 0)
273.0/87.0/13.0/(0, 0, 0)
271.0/87.0/13.0/(0, 0, 0)
271.0/87.0/13.0/(0, 0, 0)
271.0/87.0/13.0/(0, 0, 0)
268.0/87.0/13.0/(0, 0, 0)
268.0/87.0/13.0/(0, 0, 0)
265.0/87.0/13.0/(0, 0, 0)
265.0/87.0/13.0/(0, 0, 0)
265.0/87.0/13.0/(0, 0, 0)
261.0/87.0/13.0/(0, 0, 0)
261.0/87.0/13.0/(0, 0, 0)
258.0/87.0/13.0/(0, 0, 0)
258.0/87.0/13.0/(0, 0, 0)
258.0/87.0/13.0/(0, 0, 0)
254.0/87.0/13.0/(0, 0, 0)
254.0/87.0/13.0/(0, 0, 0)
250.0/87.0/13.0/(0, 0, 0)
250.0/87.0/13.0/(0, 0, 0)
250.0/87.0/13.0/(0, 0, 0)
247.0/87.0/13.0/(0, 0, 0)
247.0/87.0/13.0/(0, 0, 0)
247.0/87.0/13.0/(0, 0, 0)
244.0/87.0/13.0/(0, 0, 0)
244.0/87.0/13.0/(0, 0, 0)
240.0/87.0/13.0/(0, 0, 0)
240.0/87.0/13.0/(0, 0, 0)
238.0/87.0/13.0/(0, 0, 0)
238.0/87.0/13.0/(0, 0, 0)
238.0/87.0/13.0/(0, 0, 0)
235.0/87.0/13.0/(0, 0, 0)
235.0/87.0/13.0/(0, 0, 0)
233.0/87.0/13.0/(0, 0, 0)
233.0/87.0/13.0/(0, 0, 0)
233.0/87.0/13.0/(0, 0, 0)
231.0/87.0/13.0/(0, 0, 0)
231.0/87.0/13.0/(0, 0, 0)
230.0/87.0/13.0/(0, 0, 0)
230.0/87.0/13.0/(0, 0, 0)
230.0/87.0/13.0/(0, 0, 0)
228.0/87.0/13.0/(0, 0, 0)
228.0/87.0/13.0/(0, 0, 0)
227.0/87.0/13.0/(0, 0, 0)
227.0/87.0/13.0/(0, 0, 0)
225.0/87.0/13.0/(0, 0, 0)
225.0/87.0/13.0/(0, 0, 0)
225.0/87.0/13.0/(0, 0, 0)
225.0/87.0/13.0/(0, 0, 0)
225.0/87.0/13.0/(0, 0, 0)
225.0/87.0/13.0/(0, 0, 0)
225.0/87.0/13.0/(0, 0, 0)
225.0/87.0/13.0/(0, 0, 0)
225.0/87.0/13.0/(0, 0, 0)
225.0/87.0/13.0/(0, 0, 0)
225.0/87.0/13.0/(0, 0, 0)
225.0/87.0/13.0/(0, 0, 0)
225.0/87.0/13.0/(0, 0, 0)
225.0/87.0/13.0/(0, 0, 0)
225.0/87.0/13.0/(0, 0, 0)
225.0/87.0/13.0/(0, 0, 0)
225.0/87.0/13.0/(0, 0, 0)
225.0/87.0/13.0/(0, 0, 0)
225.0/87.0/13.0/(0, 0, 0)
225.0/87.0/13.0/(0, 0, 0)
225.0/87.0/13.0/(0, 0, 0)
225.0/87.0/13.0/(0, 0, 0)
225.0/87.0/13.0/(0, 0, 0)
225.0/87.0/13.0/(0, 0, 0)
225.0/87.0/13.0/(0, 0, 0)
225.0/87.0/13.0/(0, 0, 0)
224.0/87.0/13.0/(0, 0, 0)
224.0/87.0/13.0/(0, 0, 0)
224.0/87.0/13.0/(0, 0, 0)
222.0/87.0/13.0/(0, 0, 0)
219.0/87.0/13.0/(0, 0, 0)
219.0/87.0/13.0/(0, 0, 0)
216.0/89.0/13.0/(0, 0, 0)
216.0/89.0/13.0/(0, 0, 0)
214.0/90.0/13.0/(0, 0, 0)
214.0/90.0/13.0/(0, 0, 0)
210.0/90.0/13.0/(0, 0, 0)
210.0/90.0/13.0/(0, 0, 0)
210.0/90.0/13.0/(0, 0, 0)
207.0/91.0/13.0/(0, 0, 0)
207.0/91.0/13.0/(0, 0, 0)
204.0/92.0/13.0/(0, 0, 0)
204.0/92.0/13.0/(0, 0, 0)
204.0/92.0/13.0/(0, 0, 0)
200.0/94.0/13.0/(0, 0, 0)
200.0/94.0/13.0/(0, 0, 0)
197.0/94.0/13.0/(0, 0, 0)
197.0/94.0/13.0/(0, 0, 0)
197.0/94.0/13.0/(0, 0, 0)
196.0/94.0/13.0/(0, 0, 0)
196.0/94.0/13.0/(0, 0, 0)
195.0/95.0/13.0/(0, 0, 0)
195.0/95.0/13.0/(0, 0, 0)
195.0/95.0/13.0/(0, 0, 0)
193.0/97.0/13.0/(0, 0, 0)
193.0/97.0/13.0/(0, 0, 0)
192.0/97.0/13.0/(0, 0, 0)
192.0/97.0/13.0/(0, 0, 0)
191.0/97.0/13.0/(0, 0, 0)
191.0/97.0/13.0/(0, 0, 0)
191.0/97.0/13.0/(0, 0, 0)
189.0/99.0/13.0/(0, 0, 0)
189.0/99.0/13.0/(0, 0, 0)
188.0/100.0/13.0/(0, 0, 0)
188.0/100.0/13.0/(0, 0, 0)
188.0/100.0/13.0/(0, 0, 0)
187.0/100.0/13.0/(0, 0, 0)
187.0/100.0/13.0/(0, 0, 0)
186.0/101.0/13.0/(0, 0, 0)
186.0/101.0/13.0/(0, 0, 0)
186.0/101.0/13.0/(0, 0, 0)
185.0/101.0/13.0/(0, 0, 0)
185.0/101.0/13.0/(0, 0, 0)
182.0/103.0/13.0/(0, 0, 0)
182.0/103.0/13.0/(0, 0, 0)
182.0/103.0/13.0/(0, 0, 0)
182.0/103.0/13.0/(0, 0, 0)
182.0/103.0/13.0/(0, 0, 0)
181.0/103.0/13.0/(0, 0, 0)
181.0/103.0/13.0/(0, 0, 0)
181.0/103.0/13.0/(0, 0, 0)
181.0/103.0/13.0/(0, 0, 0)
181.0/103.0/13.0/(0, 0, 0)
181.0/103.0/13.0/(0, 0, 0)
181.0/103.0/13.0/(0, 0, 0)
181.0/103.0/13.0/(0, 0, 0)
181.0/103.0/13.0/(0, 0, 0)
181.0/103.0/13.0/(0, 0, 0)
181.0/103.0/13.0/(0, 0, 0)
181.0/103.0/13.0/(0, 0, 0)
181.0/103.0/13.0/(0, 0, 0)
181.0/103.0/13.0/(0, 0, 0)
181.0/104.0/13.0/(0, 0, 0)
181.0/104.0/13.0/(0, 0, 0)
181.0/104.0/13.0/(0, 0, 0)
181.0/104.0/13.0/(0, 0, 0)
181.0/104.0/13.0/(0, 0, 0)
181.0/104.0/13.0/(0, 0, 0)
181.0/104.0/13.0/(0, 0, 0)
181.0/104.0/13.0/(0, 0, 0)
181.0/104.0/13.0/(0, 0, 0)
181.0/104.0/13.0/(0, 0, 0)
181.0/104.0/13.0/(0, 0, 0)
181.0/104.0/13.0/(0, 0, 0)
181.0/104.0/13.0/(0, 0, 0)
181.0/104.0/13.0/(0, 0, 0)
181.0/104.0/13.0/(0, 0, 0)
181.0/104.0/13.0/(0, 0, 0)
181.0/104.0/13.0/(0, 0, 0)
181.0/104.0/13.0/(0, 0, 0)
181.0/104.0/13.0/(0, 0, 0)
181.0/104.0/13.0/(0, 0, 0)
181.0/104.0/13.0/(0, 0, 0)
181.0/104.0/13.0/(0, 0, 0)
181.0/104.0/13.0/(0, 0, 0)
181.0/104.0/13.0/(0, 0, 0)
181.0/104.0/13.0/(0, 0, 0)
181.0/104.0/13.0/(0, 0, 0)
181.0/104.0/13.0/(0, 0, 0)
181.0/104.0/13.0/(0, 0, 0)
181.0/104.0/13.0/(0, 0, 0)
181.0/104.0/13.0/(0, 0, 0)
181.0/104.0/13.0/(0, 0, 0)
181.0/104.0/13.0/(0, 0, 0)
181.0/104.0/13.0/(0, 0, 0)
181.0/104.0/13.0/(0, 0, 0)
181.0/104.0/13.0/(0, 0, 0)
181.0/104.0/13.0/(0, 0, 0)
181.0/104.0/13.0/(0, 0, 0)
181.0/104.0/13.0/(0, 0, 0)
181.0/104.0/13.0/(0, 0, 0)
181.0/104.0/13.0/(0, 0, 0)
181.0/104.0/13.0/(0, 0, 0)
181.0/104.0/13.0/(0, 0, 0)
181.0/104.0/13.0/(0, 0, 0)
181.0/104.0/13.0/(0, 0, 0)
181.0/104.0/13.0/(0, 0, 0)
181.0/104.0/13.0/(0, 0, 0)
181.0/104.0/13.0/(0, 0, 0)
181.0/104.0/13.0/(0, 0, 0)
181.0/104.0/13.0/(0, 0, 0)
181.0/104.0/13.0/(0, 0, 0)
181.0/104.0/13.0/(0, 0, 0)
181.0/104.0/13.0/(0, 0, 0)
181.0/104.0/13.0/(0, 0, 0)
181.0/104.0/13.0/(0, 0, 0)
181.0/104.0/13.0/(0, 0, 0)
181.0/104.0/13.0/(0, 0, 0)
181.0/104.0/13.0/(0, 0, 0)
181.0/104.0/13.0/(0, 0, 0)
181.0/104.0/13.0/(0, 0, 0)
181.0/104.0/13.0/(0, 0, 0)
181.0/104.0/13.0/(0, 0, 0)
181.0/104.0/13.0/(0, 0, 0)
181.0/104.0/13.0/(0, 0, 0)
181.0/104.0/13.0/(0, 0, 0)
181.0/104.0/13.0/(0, 0, 0)
181.0/104.0/13.0/(0, 0, 0)
181.0/104.0/13.0/(0, 0, 0)
181.0/104.0/13.0/(0, 0, 0)
181.0/104.0/13.0/(0, 0, 0)
181.0/104.0/13.0/(0, 0, 0)
181.0/104.0/13.0/(0, 0, 0)
181.0/104.0/13.0/(0, 0, 0)
181.0/104.0/13.0/(0, 0, 0)
181.0/104.0/13.0/(0, 0, 0)
181.0/104.0/13.0/(0, 0, 0)
181.0/104.0/13.0/(0, 0, 0)
181.0/104.0/13.0/(0, 0, 0)
181.0/104.0/13.0/(0, 0, 0)
181.0/104.0/13.0/(0, 0, 0)
181.0/104.0/13.0/(0, 0, 0)
181.0/104.0/13.0/(0, 0, 0)
181.0/104.0/13.0/(0, 0, 0)
181.0/104.0/13.0/(0, 0, 0)
181.0/104.0/13.0/(0, 0, 0)
181.0/104.0/13.0/(0, 0, 0)
212.0/316.0/15.0/(0, 0, 255)
212.0/316.0/15.0/(0, 0, 255)
212.0/316.0/15.0/(0, 0, 255)
212.0/316.0/15.0/(0, 0, 255)
212.0/316.0/15.0/(0, 0, 255)
212.0/316.0/15.0/(0, 0, 255)
212.0/316.0/15.0/(0, 0, 255)
212.0/316.0/15.0/(0, 0, 255)
212.0/316.0/15.0/(0, 0, 255)
212.0/316.0/15.0/(0, 0, 255)
212.0/316.0/15.0/(0, 0, 255)
212.0/316.0/15.0/(0, 0, 255)
212.0/316.0/15.0/(0, 0, 255)
212.0/316.0/15.0/(0, 0, 255)
213.0/315.0/15.0/(0, 0, 255)
213.0/315.0/15.0/(0, 0, 255)
213.0/315.0/15.0/(0, 0, 255)
213.0/315.0/15.0/(0, 0, 255)
214.0/316.0/15.0/(0, 0, 255)
215.0/316.0/15.0/(0, 0, 255)
216.0/317.0/15.0/(0, 0, 255)
216.0/317.0/15.0/(0, 0, 255)
218.0/319.0/15.0/(0, 0, 255)
218.0/319.0/15.0/(0, 0, 255)
220.0/319.0/15.0/(0, 0, 255)
220.0/319.0/15.0/(0, 0, 255)
220.0/319.0/15.0/(0, 0, 255)
221.0/321.0/15.0/(0, 0, 255)
221.0/321.0/15.0/(0, 0, 255)
222.0/321.0/15.0/(0, 0, 255)
222.0/321.0/15.0/(0, 0, 255)
224.0/322.0/15.0/(0, 0, 255)
224.0/322.0/15.0/(0, 0, 255)
224.0/322.0/15.0/(0, 0, 255)
224.0/322.0/15.0/(0, 0, 255)
224.0/322.0/15.0/(0, 0, 255)
225.0/323.0/15.0/(0, 0, 255)
226.0/323.0/15.0/(0, 0, 255)
226.0/323.0/15.0/(0, 0, 255)
227.0/324.0/15.0/(0, 0, 255)
227.0/324.0/15.0/(0, 0, 255)
227.0/324.0/15.0/(0, 0, 255)
227.0/324.0/15.0/(0, 0, 255)
227.0/324.0/15.0/(0, 0, 255)
229.0/325.0/15.0/(0, 0, 255)
229.0/325.0/15.0/(0, 0, 255)
230.0/325.0/15.0/(0, 0, 255)
230.0/325.0/15.0/(0, 0, 255)
230.0/325.0/15.0/(0, 0, 255)
232.0/325.0/15.0/(0, 0, 255)
232.0/325.0/15.0/(0, 0, 255)
234.0/325.0/15.0/(0, 0, 255)
234.0/325.0/15.0/(0, 0, 255)
236.0/326.0/15.0/(0, 0, 255)
236.0/326.0/15.0/(0, 0, 255)
237.0/327.0/15.0/(0, 0, 255)
237.0/327.0/15.0/(0, 0, 255)
237.0/327.0/15.0/(0, 0, 255)
240.0/327.0/15.0/(0, 0, 255)
240.0/327.0/15.0/(0, 0, 255)
242.0/328.0/15.0/(0, 0, 255)
242.0/328.0/15.0/(0, 0, 255)
242.0/328.0/15.0/(0, 0, 255)
242.0/328.0/15.0/(0, 0, 255)
245.0/329.0/15.0/(0, 0, 255)
245.0/329.0/15.0/(0, 0, 255)
245.0/329.0/15.0/(0, 0, 255)
245.0/329.0/15.0/(0, 0, 255)
245.0/329.0/15.0/(0, 0, 255)
246.0/329.0/15.0/(0, 0, 255)
246.0/329.0/15.0/(0, 0, 255)
247.0/330.0/15.0/(0, 0, 255)
247.0/330.0/15.0/(0, 0, 255)
249.0/330.0/15.0/(0, 0, 255)
249.0/330.0/15.0/(0, 0, 255)
249.0/330.0/15.0/(0, 0, 255)
252.0/331.0/15.0/(0, 0, 255)
252.0/331.0/15.0/(0, 0, 255)
254.0/331.0/15.0/(0, 0, 255)
254.0/331.0/15.0/(0, 0, 255)
258.0/332.0/15.0/(0, 0, 255)
258.0/332.0/15.0/(0, 0, 255)
262.0/333.0/15.0/(0, 0, 255)
262.0/333.0/15.0/(0, 0, 255)
262.0/333.0/15.0/(0, 0, 255)
268.0/334.0/15.0/(0, 0, 255)
268.0/334.0/15.0/(0, 0, 255)
270.0/334.0/15.0/(0, 0, 255)
270.0/334.0/15.0/(0, 0, 255)
272.0/334.0/15.0/(0, 0, 255)
272.0/334.0/15.0/(0, 0, 255)
274.0/334.0/15.0/(0, 0, 255)
274.0/334.0/15.0/(0, 0, 255)
277.0/335.0/15.0/(0, 0, 255)
277.0/335.0/15.0/(0, 0, 255)
277.0/335.0/15.0/(0, 0, 255)
279.0/335.0/15.0/(0, 0, 255)
279.0/335.0/15.0/(0, 0, 255)
281.0/335.0/15.0/(0, 0, 255)
281.0/335.0/15.0/(0, 0, 255)
283.0/336.0/15.0/(0, 0, 255)
283.0/336.0/15.0/(0, 0, 255)
286.0/336.0/15.0/(0, 0, 255)
286.0/336.0/15.0/(0, 0, 255)
286.0/336.0/15.0/(0, 0, 255)
288.0/336.0/15.0/(0, 0, 255)
288.0/336.0/15.0/(0, 0, 255)
292.0/336.0/15.0/(0, 0, 255)
292.0/336.0/15.0/(0, 0, 255)
294.0/336.0/15.0/(0, 0, 255)
294.0/336.0/15.0/(0, 0, 255)
296.0/336.0/15.0/(0, 0, 255)
296.0/336.0/15.0/(0, 0, 255)
296.0/336.0/15.0/(0, 0, 255)
299.0/336.0/15.0/(0, 0, 255)
299.0/336.0/15.0/(0, 0, 255)
301.0/336.0/15.0/(0, 0, 255)
301.0/336.0/15.0/(0, 0, 255)
303.0/336.0/15.0/(0, 0, 255)
303.0/336.0/15.0/(0, 0, 255)
303.0/336.0/15.0/(0, 0, 255)
303.0/336.0/15.0/(0, 0, 255)
305.0/336.0/15.0/(0, 0, 255)
305.0/336.0/15.0/(0, 0, 255)
307.0/336.0/15.0/(0, 0, 255)
307.0/336.0/15.0/(0, 0, 255)
307.0/336.0/15.0/(0, 0, 255)
308.0/336.0/15.0/(0, 0, 255)
308.0/336.0/15.0/(0, 0, 255)
310.0/336.0/15.0/(0, 0, 255)
310.0/336.0/15.0/(0, 0, 255)
313.0/336.0/15.0/(0, 0, 255)
313.0/336.0/15.0/(0, 0, 255)
318.0/336.0/15.0/(0, 0, 255)
318.0/336.0/15.0/(0, 0, 255)
323.0/336.0/15.0/(0, 0, 255)
323.0/336.0/15.0/(0, 0, 255)
323.0/336.0/15.0/(0, 0, 255)
329.0/336.0/15.0/(0, 0, 255)
329.0/336.0/15.0/(0, 0, 255)
333.0/335.0/15.0/(0, 0, 255)
333.0/335.0/15.0/(0, 0, 255)
336.0/334.0/15.0/(0, 0, 255)
336.0/334.0/15.0/(0, 0, 255)
339.0/333.0/15.0/(0, 0, 255)
339.0/333.0/15.0/(0, 0, 255)
339.0/333.0/15.0/(0, 0, 255)
341.0/333.0/15.0/(0, 0, 255)
341.0/333.0/15.0/(0, 0, 255)
342.0/331.0/15.0/(0, 0, 255)
342.0/331.0/15.0/(0, 0, 255)
343.0/331.0/15.0/(0, 0, 255)
343.0/331.0/15.0/(0, 0, 255)
343.0/331.0/15.0/(0, 0, 255)
343.0/331.0/15.0/(0, 0, 255)
345.0/329.0/15.0/(0, 0, 255)
345.0/329.0/15.0/(0, 0, 255)
347.0/326.0/15.0/(0, 0, 255)
347.0/326.0/15.0/(0, 0, 255)
350.0/323.0/15.0/(0, 0, 255)
350.0/323.0/15.0/(0, 0, 255)
350.0/323.0/15.0/(0, 0, 255)
353.0/321.0/15.0/(0, 0, 255)
353.0/321.0/15.0/(0, 0, 255)
357.0/320.0/15.0/(0, 0, 255)
357.0/320.0/15.0/(0, 0, 255)
363.0/318.0/15.0/(0, 0, 255)
363.0/318.0/15.0/(0, 0, 255)
365.0/317.0/15.0/(0, 0, 255)
365.0/317.0/15.0/(0, 0, 255)
368.0/316.0/15.0/(0, 0, 255)
368.0/316.0/15.0/(0, 0, 255)
368.0/316.0/15.0/(0, 0, 255)
370.0/316.0/15.0/(0, 0, 255)
370.0/316.0/15.0/(0, 0, 255)
371.0/315.0/15.0/(0, 0, 255)
371.0/315.0/15.0/(0, 0, 255)
373.0/315.0/15.0/(0, 0, 255)
373.0/315.0/15.0/(0, 0, 255)
373.0/314.0/15.0/(0, 0, 255)
373.0/314.0/15.0/(0, 0, 255)
373.0/314.0/15.0/(0, 0, 255)
373.0/314.0/15.0/(0, 0, 255)
373.0/314.0/15.0/(0, 0, 255)
373.0/314.0/15.0/(0, 0, 255)
373.0/314.0/15.0/(0, 0, 255)
373.0/314.0/15.0/(0, 0, 255)
373.0/314.0/15.0/(0, 0, 255)
373.0/314.0/15.0/(0, 0, 255)
373.0/314.0/15.0/(0, 0, 255)
373.0/314.0/15.0/(0, 0, 255)
373.0/314.0/15.0/(0, 0, 255)
373.0/314.0/15.0/(0, 0, 255)
373.0/314.0/15.0/(0, 0, 255)
373.0/314.0/15.0/(0, 0, 255)
373.0/314.0/15.0/(0, 0, 255)
373.0/314.0/15.0/(0, 0, 255)
373.0/314.0/15.0/(0, 0, 255)
374.0/314.0/15.0/(0, 0, 255)
374.0/313.0/15.0/(0, 0, 255)
374.0/313.0/15.0/(0, 0, 255)
376.0/311.0/15.0/(0, 0, 255)
376.0/311.0/15.0/(0, 0, 255)
376.0/311.0/15.0/(0, 0, 255)
376.0/311.0/15.0/(0, 0, 255)
376.0/310.0/15.0/(0, 0, 255)
376.0/310.0/15.0/(0, 0, 255)
376.0/310.0/15.0/(0, 0, 255)
376.0/310.0/15.0/(0, 0, 255)
376.0/310.0/15.0/(0, 0, 255)
376.0/308.0/15.0/(0, 0, 255)
376.0/308.0/15.0/(0, 0, 255)
376.0/308.0/15.0/(0, 0, 255)
376.0/308.0/15.0/(0, 0, 255)
377.0/308.0/15.0/(0, 0, 255)
377.0/308.0/15.0/(0, 0, 255)
377.0/308.0/15.0/(0, 0, 255)
377.0/308.0/15.0/(0, 0, 255)
377.0/308.0/15.0/(0, 0, 255)
377.0/308.0/15.0/(0, 0, 255)
377.0/308.0/15.0/(0, 0, 255)
377.0/308.0/15.0/(0, 0, 255)
377.0/308.0/15.0/(0, 0, 255)
377.0/308.0/15.0/(0, 0, 255)
377.0/308.0/15.0/(0, 0, 255)
377.0/308.0/15.0/(0, 0, 255)
377.0/308.0/15.0/(0, 0, 255)
377.0/308.0/15.0/(0, 0, 255)
377.0/308.0/15.0/(0, 0, 255)
377.0/308.0/15.0/(0, 0, 255)
377.0/308.0/15.0/(0, 0, 255)
377.0/308.0/15.0/(0, 0, 255)
377.0/308.0/15.0/(0, 0, 255)
377.0/308.0/15.0/(0, 0, 255)
377.0/308.0/15.0/(0, 0, 255)
377.0/308.0/15.0/(0, 0, 255)
377.0/308.0/15.0/(0, 0, 255)
377.0/308.0/15.0/(0, 0, 255)
377.0/308.0/15.0/(0, 0, 255)
377.0/308.0/15.0/(0, 0, 255)
377.0/308.0/15.0/(0, 0, 255)
377.0/308.0/15.0/(0, 0, 255)
377.0/308.0/15.0/(0, 0, 255)
377.0/308.0/15.0/(0, 0, 255)
377.0/308.0/15.0/(0, 0, 255)
377.0/308.0/15.0/(0, 0, 255)
377.0/308.0/15.0/(0, 0, 255)
377.0/308.0/15.0/(0, 0, 255)
377.0/308.0/15.0/(0, 0, 255)
377.0/308.0/15.0/(0, 0, 255)
377.0/308.0/15.0/(0, 0, 255)
377.0/308.0/15.0/(0, 0, 255)
377.0/308.0/15.0/(0, 0, 255)
377.0/308.0/15.0/(0, 0, 255)
377.0/308.0/15.0/(0, 0, 255)
377.0/308.0/15.0/(0, 0, 255)
377.0/308.0/15.0/(0, 0, 255)
377.0/308.0/15.0/(0, 0, 255)
377.0/308.0/15.0/(0, 0, 255)
377.0/308.0/15.0/(0, 0, 255)
377.0/308.0/15.0/(0, 0, 255)
377.0/308.0/15.0/(0, 0, 255)
377.0/308.0/15.0/(0, 0, 255)
377.0/308.0/15.0/(0, 0, 255)
377.0/308.0/15.0/(0, 0, 255)
377.0/308.0/15.0/(0, 0, 255)
377.0/308.0/15.0/(0, 0, 255)
377.0/308.0/15.0/(0, 0, 255)
377.0/308.0/15.0/(0, 0, 255)
377.0/308.0/15.0/(0, 0, 255)
342.0/195.0/33.0/(255, 0, 0)
342.0/195.0/33.0/(255, 0, 0)
342.0/195.0/33.0/(255, 0, 0)
342.0/195.0/33.0/(255, 0, 0)
342.0/195.0/33.0/(255, 0, 0)
342.0/195.0/33.0/(255, 0, 0)
342.0/195.0/33.0/(255, 0, 0)
342.0/195.0/33.0/(255, 0, 0)
342.0/195.0/33.0/(255, 0, 0)
342.0/195.0/33.0/(255, 0, 0)
342.0/195.0/33.0/(255, 0, 0)
342.0/195.0/33.0/(255, 0, 0)
342.0/195.0/33.0/(255, 0, 0)
342.0/195.0/33.0/(255, 0, 0)
342.0/195.0/33.0/(255, 0, 0)
342.0/195.0/33.0/(255, 0, 0)
342.0/195.0/33.0/(255, 0, 0)
342.0/195.0/33.0/(255, 0, 0)
342.0/195.0/33.0/(255, 0, 0)
342.0/195.0/33.0/(255, 0, 0)
342.0/195.0/33.0/(255, 0, 0)
342.0/195.0/33.0/(255, 0, 0)
210.0/197.0/33.0/(255, 0, 0)
210.0/197.0/33.0/(255, 0, 0)
210.0/197.0/33.0/(255, 0, 0)
210.0/197.0/33.0/(255, 0, 0)
210.0/197.0/33.0/(255, 0, 0)
210.0/197.0/33.0/(255, 0, 0)
210.0/197.0/33.0/(255, 0, 0)
210.0/197.0/33.0/(255, 0, 0)
210.0/197.0/33.0/(255, 0, 0)
210.0/197.0/33.0/(255, 0, 0)
210.0/197.0/33.0/(255, 0, 0)
210.0/197.0/33.0/(255, 0, 0)
210.0/197.0/33.0/(255, 0, 0)
210.0/197.0/33.0/(255, 0, 0)
210.0/197.0/33.0/(255, 0, 0)
210.0/197.0/33.0/(255, 0, 0)
210.0/197.0/33.0/(255, 0, 0)
210.0/197.0/33.0/(255, 0, 0)
210.0/197.0/33.0/(255, 0, 0)
210.0/197.0/33.0/(255, 0, 0)
210.0/197.0/33.0/(255, 0, 0)
210.0/197.0/33.0/(255, 0, 0)
210.0/197.0/33.0/(255, 0, 0)
210.0/197.0/33.0/(255, 0, 0)
210.0/197.0/33.0/(255, 0, 0)
210.0/197.0/33.0/(255, 0, 0)
210.0/197.0/33.0/(255, 0, 0)
210.0/197.0/33.0/(255, 0, 0)
210.0/197.0/33.0/(255, 0, 0)
210.0/197.0/33.0/(255, 0, 0)
198.0/414.0/22.0/(0, 0, 0)
198.0/414.0/22.0/(0, 0, 0)
198.0/414.0/22.0/(0, 0, 0)
198.0/414.0/22.0/(0, 0, 0)
198.0/414.0/22.0/(0, 0, 0)
198.0/414.0/22.0/(0, 0, 0)
198.0/414.0/22.0/(0, 0, 0)
198.0/414.0/22.0/(0, 0, 0)
198.0/414.0/22.0/(0, 0, 0)
198.0/414.0/22.0/(0, 0, 0)
198.0/414.0/22.0/(0, 0, 0)
198.0/414.0/22.0/(0, 0, 0)
198.0/414.0/22.0/(0, 0, 0)
198.0/414.0/22.0/(0, 0, 0)
198.0/414.0/22.0/(0, 0, 0)
198.0/414.0/22.0/(0, 0, 0)
198.0/414.0/22.0/(0, 0, 0)
198.0/414.0/22.0/(0, 0, 0)
198.0/414.0/22.0/(0, 0, 0)
198.0/414.0/22.0/(0, 0, 0)
198.0/414.0/22.0/(0, 0, 0)
198.0/414.0/22.0/(0, 0, 0)
198.0/414.0/22.0/(0, 0, 0)
198.0/414.0/22.0/(0, 0, 0)
198.0/414.0/22.0/(0, 0, 0)
198.0/414.0/22.0/(0, 0, 0)
198.0/414.0/22.0/(0, 0, 0)
198.0/416.0/22.0/(0, 0, 0)
198.0/416.0/22.0/(0, 0, 0)
198.0/417.0/22.0/(0, 0, 0)
198.0/417.0/22.0/(0, 0, 0)
198.0/418.0/22.0/(0, 0, 0)
198.0/418.0/22.0/(0, 0, 0)
198.0/419.0/22.0/(0, 0, 0)
198.0/419.0/22.0/(0, 0, 0)
198.0/420.0/22.0/(0, 0, 0)
197.0/421.0/22.0/(0, 0, 0)
197.0/421.0/22.0/(0, 0, 0)
197.0/422.0/22.0/(0, 0, 0)
197.0/422.0/22.0/(0, 0, 0)
197.0/425.0/22.0/(0, 0, 0)
197.0/425.0/22.0/(0, 0, 0)
196.0/425.0/22.0/(0, 0, 0)
196.0/425.0/22.0/(0, 0, 0)
196.0/426.0/22.0/(0, 0, 0)
196.0/426.0/22.0/(0, 0, 0)
196.0/428.0/22.0/(0, 0, 0)
196.0/428.0/22.0/(0, 0, 0)
195.0/429.0/22.0/(0, 0, 0)
195.0/429.0/22.0/(0, 0, 0)
195.0/430.0/22.0/(0, 0, 0)
195.0/430.0/22.0/(0, 0, 0)
195.0/431.0/22.0/(0, 0, 0)
195.0/431.0/22.0/(0, 0, 0)
195.0/432.0/22.0/(0, 0, 0)
195.0/432.0/22.0/(0, 0, 0)
194.0/434.0/22.0/(0, 0, 0)
194.0/434.0/22.0/(0, 0, 0)
194.0/435.0/22.0/(0, 0, 0)
194.0/435.0/22.0/(0, 0, 0)
194.0/436.0/22.0/(0, 0, 0)
194.0/436.0/22.0/(0, 0, 0)
194.0/439.0/22.0/(0, 0, 0)
194.0/441.0/22.0/(0, 0, 0)
194.0/441.0/22.0/(0, 0, 0)
192.0/445.0/22.0/(0, 0, 0)
192.0/445.0/22.0/(0, 0, 0)
192.0/447.0/22.0/(0, 0, 0)
192.0/447.0/22.0/(0, 0, 0)
192.0/449.0/22.0/(0, 0, 0)
192.0/449.0/22.0/(0, 0, 0)
192.0/451.0/22.0/(0, 0, 0)
192.0/451.0/22.0/(0, 0, 0)
192.0/453.0/22.0/(0, 0, 0)
192.0/453.0/22.0/(0, 0, 0)
192.0/455.0/22.0/(0, 0, 0)
192.0/455.0/22.0/(0, 0, 0)
191.0/457.0/22.0/(0, 0, 0)
191.0/457.0/22.0/(0, 0, 0)
191.0/457.0/22.0/(0, 0, 0)
191.0/457.0/22.0/(0, 0, 0)
191.0/459.0/22.0/(0, 0, 0)
191.0/459.0/22.0/(0, 0, 0)
191.0/460.0/22.0/(0, 0, 0)
191.0/460.0/22.0/(0, 0, 0)
191.0/463.0/22.0/(0, 0, 0)
191.0/464.0/22.0/(0, 0, 0)
191.0/464.0/22.0/(0, 0, 0)
191.0/466.0/22.0/(0, 0, 0)
191.0/466.0/22.0/(0, 0, 0)
191.0/470.0/22.0/(0, 0, 0)
191.0/470.0/22.0/(0, 0, 0)
190.0/470.0/22.0/(0, 0, 0)
190.0/470.0/22.0/(0, 0, 0)
190.0/474.0/22.0/(0, 0, 0)
190.0/474.0/22.0/(0, 0, 0)
190.0/476.0/22.0/(0, 0, 0)
190.0/476.0/22.0/(0, 0, 0)
190.0/478.0/22.0/(0, 0, 0)
190.0/478.0/22.0/(0, 0, 0)
190.0/480.0/22.0/(0, 0, 0)
190.0/480.0/22.0/(0, 0, 0)
190.0/482.0/22.0/(0, 0, 0)
190.0/483.0/22.0/(0, 0, 0)
190.0/483.0/22.0/(0, 0, 0)
190.0/484.0/22.0/(0, 0, 0)
190.0/484.0/22.0/(0, 0, 0)
190.0/486.0/22.0/(0, 0, 0)
190.0/486.0/22.0/(0, 0, 0)
190.0/489.0/22.0/(0, 0, 0)
190.0/489.0/22.0/(0, 0, 0)
190.0/490.0/22.0/(0, 0, 0)
190.0/490.0/22.0/(0, 0, 0)
190.0/492.0/22.0/(0, 0, 0)
190.0/492.0/22.0/(0, 0, 0)
190.0/495.0/22.0/(0, 0, 0)
190.0/495.0/22.0/(0, 0, 0)
190.0/496.0/22.0/(0, 0, 0)
190.0/496.0/22.0/(0, 0, 0)
190.0/499.0/22.0/(0, 0, 0)
190.0/499.0/22.0/(0, 0, 0)
190.0/501.0/22.0/(0, 0, 0)
190.0/504.0/22.0/(0, 0, 0)
190.0/504.0/22.0/(0, 0, 0)
190.0/505.0/22.0/(0, 0, 0)
190.0/505.0/22.0/(0, 0, 0)
190.0/505.0/22.0/(0, 0, 0)
190.0/505.0/22.0/(0, 0, 0)
190.0/507.0/22.0/(0, 0, 0)
190.0/507.0/22.0/(0, 0, 0)
190.0/508.0/22.0/(0, 0, 0)
190.0/508.0/22.0/(0, 0, 0)
189.0/510.0/22.0/(0, 0, 0)
189.0/510.0/22.0/(0, 0, 0)
189.0/513.0/22.0/(0, 0, 0)
189.0/513.0/22.0/(0, 0, 0)
188.0/514.0/22.0/(0, 0, 0)
188.0/514.0/22.0/(0, 0, 0)
188.0/515.0/22.0/(0, 0, 0)
188.0/518.0/22.0/(0, 0, 0)
188.0/518.0/22.0/(0, 0, 0)
188.0/520.0/22.0/(0, 0, 0)
188.0/520.0/22.0/(0, 0, 0)
188.0/521.0/22.0/(0, 0, 0)
188.0/521.0/22.0/(0, 0, 0)
188.0/524.0/22.0/(0, 0, 0)
188.0/524.0/22.0/(0, 0, 0)
188.0/526.0/22.0/(0, 0, 0)
188.0/526.0/22.0/(0, 0, 0)
186.0/528.0/22.0/(0, 0, 0)
186.0/528.0/22.0/(0, 0, 0)
186.0/531.0/22.0/(0, 0, 0)
186.0/531.0/22.0/(0, 0, 0)
186.0/533.0/22.0/(0, 0, 0)
186.0/533.0/22.0/(0, 0, 0)
186.0/533.0/22.0/(0, 0, 0)
185.0/535.0/22.0/(0, 0, 0)
185.0/535.0/22.0/(0, 0, 0)
185.0/535.0/22.0/(0, 0, 0)
185.0/535.0/22.0/(0, 0, 0)
185.0/537.0/22.0/(0, 0, 0)
185.0/537.0/22.0/(0, 0, 0)
185.0/537.0/22.0/(0, 0, 0)
185.0/537.0/22.0/(0, 0, 0)
185.0/537.0/22.0/(0, 0, 0)
185.0/537.0/22.0/(0, 0, 0)
185.0/537.0/22.0/(0, 0, 0)
185.0/537.0/22.0/(0, 0, 0)
185.0/537.0/22.0/(0, 0, 0)
185.0/538.0/22.0/(0, 0, 0)
185.0/538.0/22.0/(0, 0, 0)
185.0/538.0/22.0/(0, 0, 0)
185.0/538.0/22.0/(0, 0, 0)
185.0/538.0/22.0/(0, 0, 0)
185.0/538.0/22.0/(0, 0, 0)
185.0/538.0/22.0/(0, 0, 0)
185.0/538.0/22.0/(0, 0, 0)
185.0/538.0/22.0/(0, 0, 0)
185.0/538.0/22.0/(0, 0, 0)
185.0/540.0/22.0/(0, 0, 0)
185.0/540.0/22.0/(0, 0, 0)
184.0/541.0/22.0/(0, 0, 0)
184.0/541.0/22.0/(0, 0, 0)
184.0/541.0/22.0/(0, 0, 0)
184.0/542.0/22.0/(0, 0, 0)
184.0/542.0/22.0/(0, 0, 0)
184.0/543.0/22.0/(0, 0, 0)
184.0/543.0/22.0/(0, 0, 0)
184.0/543.0/22.0/(0, 0, 0)
184.0/543.0/22.0/(0, 0, 0)
184.0/543.0/22.0/(0, 0, 0)
184.0/543.0/22.0/(0, 0, 0)
184.0/543.0/22.0/(0, 0, 0)
184.0/543.0/22.0/(0, 0, 0)
184.0/543.0/22.0/(0, 0, 0)
184.0/543.0/22.0/(0, 0, 0)
184.0/543.0/22.0/(0, 0, 0)
184.0/543.0/22.0/(0, 0, 0)
184.0/543.0/22.0/(0, 0, 0)
184.0/543.0/22.0/(0, 0, 0)
184.0/543.0/22.0/(0, 0, 0)
184.0/543.0/22.0/(0, 0, 0)
184.0/543.0/22.0/(0, 0, 0)
184.0/544.0/22.0/(0, 0, 0)
184.0/544.0/22.0/(0, 0, 0)
184.0/544.0/22.0/(0, 0, 0)
184.0/544.0/22.0/(0, 0, 0)
184.0/544.0/22.0/(0, 0, 0)
184.0/544.0/22.0/(0, 0, 0)
184.0/544.0/22.0/(0, 0, 0)
184.0/544.0/22.0/(0, 0, 0)
184.0/544.0/22.0/(0, 0, 0)
184.0/544.0/22.0/(0, 0, 0)
184.0/544.0/22.0/(0, 0, 0)
184.0/544.0/22.0/(0, 0, 0)
184.0/544.0/22.0/(0, 0, 0)
184.0/544.0/22.0/(0, 0, 0)
184.0/544.0/22.0/(0, 0, 0)
184.0/544.0/22.0/(0, 0, 0)
184.0/544.0/22.0/(0, 0, 0)
184.0/544.0/22.0/(0, 0, 0)
184.0/544.0/22.0/(0, 0, 0)
184.0/544.0/22.0/(0, 0, 0)
184.0/544.0/22.0/(0, 0, 0)
184.0/544.0/22.0/(0, 0, 0)
184.0/544.0/22.0/(0, 0, 0)
184.0/544.0/22.0/(0, 0, 0)
184.0/544.0/22.0/(0, 0, 0)
184.0/544.0/22.0/(0, 0, 0)
184.0/544.0/22.0/(0, 0, 0)
184.0/544.0/22.0/(0, 0, 0)
184.0/545.0/22.0/(0, 0, 0)
185.0/545.0/22.0/(0, 0, 0)
185.0/545.0/22.0/(0, 0, 0)
185.0/545.0/22.0/(0, 0, 0)
186.0/546.0/22.0/(0, 0, 0)
189.0/546.0/22.0/(0, 0, 0)
189.0/546.0/22.0/(0, 0, 0)
190.0/546.0/22.0/(0, 0, 0)
193.0/546.0/22.0/(0, 0, 0)
193.0/546.0/22.0/(0, 0, 0)
197.0/546.0/22.0/(0, 0, 0)
197.0/546.0/22.0/(0, 0, 0)
200.0/546.0/22.0/(0, 0, 0)
200.0/546.0/22.0/(0, 0, 0)
202.0/546.0/22.0/(0, 0, 0)
206.0/546.0/22.0/(0, 0, 0)
206.0/546.0/22.0/(0, 0, 0)
211.0/546.0/22.0/(0, 0, 0)
211.0/546.0/22.0/(0, 0, 0)
213.0/546.0/22.0/(0, 0, 0)
213.0/546.0/22.0/(0, 0, 0)
216.0/546.0/22.0/(0, 0, 0)
218.0/546.0/22.0/(0, 0, 0)
218.0/546.0/22.0/(0, 0, 0)
219.0/546.0/22.0/(0, 0, 0)
219.0/546.0/22.0/(0, 0, 0)
221.0/546.0/22.0/(0, 0, 0)
222.0/546.0/22.0/(0, 0, 0)
222.0/546.0/22.0/(0, 0, 0)
225.0/546.0/22.0/(0, 0, 0)
225.0/546.0/22.0/(0, 0, 0)
226.0/546.0/22.0/(0, 0, 0)
226.0/546.0/22.0/(0, 0, 0)
226.0/546.0/22.0/(0, 0, 0)
228.0/546.0/22.0/(0, 0, 0)
228.0/546.0/22.0/(0, 0, 0)
229.0/546.0/22.0/(0, 0, 0)
229.0/546.0/22.0/(0, 0, 0)
231.0/546.0/22.0/(0, 0, 0)
231.0/546.0/22.0/(0, 0, 0)
232.0/546.0/22.0/(0, 0, 0)
232.0/546.0/22.0/(0, 0, 0)
233.0/546.0/22.0/(0, 0, 0)
233.0/546.0/22.0/(0, 0, 0)
236.0/546.0/22.0/(0, 0, 0)
236.0/546.0/22.0/(0, 0, 0)
236.0/546.0/22.0/(0, 0, 0)
238.0/546.0/22.0/(0, 0, 0)
238.0/546.0/22.0/(0, 0, 0)
239.0/546.0/22.0/(0, 0, 0)
239.0/546.0/22.0/(0, 0, 0)
239.0/546.0/22.0/(0, 0, 0)
240.0/546.0/22.0/(0, 0, 0)
240.0/546.0/22.0/(0, 0, 0)
241.0/546.0/22.0/(0, 0, 0)
241.0/546.0/22.0/(0, 0, 0)
242.0/546.0/22.0/(0, 0, 0)
242.0/546.0/22.0/(0, 0, 0)
246.0/546.0/22.0/(0, 0, 0)
249.0/546.0/22.0/(0, 0, 0)
249.0/546.0/22.0/(0, 0, 0)
253.0/546.0/22.0/(0, 0, 0)
253.0/546.0/22.0/(0, 0, 0)
256.0/546.0/22.0/(0, 0, 0)
256.0/546.0/22.0/(0, 0, 0)
259.0/546.0/22.0/(0, 0, 0)
259.0/546.0/22.0/(0, 0, 0)
261.0/546.0/22.0/(0, 0, 0)
263.0/546.0/22.0/(0, 0, 0)
263.0/546.0/22.0/(0, 0, 0)
265.0/546.0/22.0/(0, 0, 0)
265.0/546.0/22.0/(0, 0, 0)
266.0/546.0/22.0/(0, 0, 0)
266.0/546.0/22.0/(0, 0, 0)
267.0/546.0/22.0/(0, 0, 0)
267.0/546.0/22.0/(0, 0, 0)
267.0/546.0/22.0/(0, 0, 0)
267.0/546.0/22.0/(0, 0, 0)
267.0/546.0/22.0/(0, 0, 0)
267.0/546.0/22.0/(0, 0, 0)
267.0/546.0/22.0/(0, 0, 0)
268.0/546.0/22.0/(0, 0, 0)
268.0/546.0/22.0/(0, 0, 0)
269.0/546.0/22.0/(0, 0, 0)
269.0/546.0/22.0/(0, 0, 0)
271.0/546.0/22.0/(0, 0, 0)
273.0/546.0/22.0/(0, 0, 0)
273.0/546.0/22.0/(0, 0, 0)
276.0/546.0/22.0/(0, 0, 0)
276.0/546.0/22.0/(0, 0, 0)
280.0/546.0/22.0/(0, 0, 0)
280.0/546.0/22.0/(0, 0, 0)
282.0/546.0/22.0/(0, 0, 0)
284.0/546.0/22.0/(0, 0, 0)
284.0/546.0/22.0/(0, 0, 0)
285.0/546.0/22.0/(0, 0, 0)
285.0/546.0/22.0/(0, 0, 0)
286.0/546.0/22.0/(0, 0, 0)
286.0/546.0/22.0/(0, 0, 0)
287.0/546.0/22.0/(0, 0, 0)
287.0/546.0/22.0/(0, 0, 0)
287.0/546.0/22.0/(0, 0, 0)
287.0/546.0/22.0/(0, 0, 0)
287.0/546.0/22.0/(0, 0, 0)
288.0/546.0/22.0/(0, 0, 0)
288.0/546.0/22.0/(0, 0, 0)
288.0/546.0/22.0/(0, 0, 0)
289.0/546.0/22.0/(0, 0, 0)
289.0/546.0/22.0/(0, 0, 0)
290.0/546.0/22.0/(0, 0, 0)
292.0/546.0/22.0/(0, 0, 0)
295.0/546.0/22.0/(0, 0, 0)
300.0/546.0/22.0/(0, 0, 0)
303.0/546.0/22.0/(0, 0, 0)
308.0/546.0/22.0/(0, 0, 0)
312.0/546.0/22.0/(0, 0, 0)
315.0/546.0/22.0/(0, 0, 0)
317.0/546.0/22.0/(0, 0, 0)
320.0/546.0/22.0/(0, 0, 0)
321.0/546.0/22.0/(0, 0, 0)
323.0/546.0/22.0/(0, 0, 0)
323.0/546.0/22.0/(0, 0, 0)
324.0/546.0/22.0/(0, 0, 0)
325.0/546.0/22.0/(0, 0, 0)
326.0/546.0/22.0/(0, 0, 0)
327.0/546.0/22.0/(0, 0, 0)
329.0/546.0/22.0/(0, 0, 0)
333.0/546.0/22.0/(0, 0, 0)
339.0/546.0/22.0/(0, 0, 0)
342.0/546.0/22.0/(0, 0, 0)
344.0/546.0/22.0/(0, 0, 0)
346.0/546.0/22.0/(0, 0, 0)
348.0/546.0/22.0/(0, 0, 0)
349.0/546.0/22.0/(0, 0, 0)
349.0/546.0/22.0/(0, 0, 0)
349.0/546.0/22.0/(0, 0, 0)
350.0/546.0/22.0/(0, 0, 0)
350.0/546.0/22.0/(0, 0, 0)
350.0/545.0/22.0/(0, 0, 0)
351.0/545.0/22.0/(0, 0, 0)
351.0/545.0/22.0/(0, 0, 0)
352.0/545.0/22.0/(0, 0, 0)
352.0/545.0/22.0/(0, 0, 0)
352.0/545.0/22.0/(0, 0, 0)
352.0/545.0/22.0/(0, 0, 0)
353.0/545.0/22.0/(0, 0, 0)
354.0/545.0/22.0/(0, 0, 0)
354.0/545.0/22.0/(0, 0, 0)
356.0/545.0/22.0/(0, 0, 0)
356.0/545.0/22.0/(0, 0, 0)
358.0/545.0/22.0/(0, 0, 0)
359.0/545.0/22.0/(0, 0, 0)
359.0/545.0/22.0/(0, 0, 0)
361.0/545.0/22.0/(0, 0, 0)
361.0/545.0/22.0/(0, 0, 0)
361.0/545.0/22.0/(0, 0, 0)
361.0/545.0/22.0/(0, 0, 0)
362.0/545.0/22.0/(0, 0, 0)
362.0/545.0/22.0/(0, 0, 0)
362.0/545.0/22.0/(0, 0, 0)
363.0/545.0/22.0/(0, 0, 0)
363.0/545.0/22.0/(0, 0, 0)
363.0/545.0/22.0/(0, 0, 0)
365.0/545.0/22.0/(0, 0, 0)
365.0/545.0/22.0/(0, 0, 0)
366.0/544.0/22.0/(0, 0, 0)
366.0/544.0/22.0/(0, 0, 0)
367.0/544.0/22.0/(0, 0, 0)
369.0/544.0/22.0/(0, 0, 0)
369.0/544.0/22.0/(0, 0, 0)
372.0/543.0/22.0/(0, 0, 0)
372.0/543.0/22.0/(0, 0, 0)
374.0/543.0/22.0/(0, 0, 0)
376.0/543.0/22.0/(0, 0, 0)
376.0/543.0/22.0/(0, 0, 0)
377.0/542.0/22.0/(0, 0, 0)
377.0/542.0/22.0/(0, 0, 0)
379.0/542.0/22.0/(0, 0, 0)
379.0/542.0/22.0/(0, 0, 0)
379.0/542.0/22.0/(0, 0, 0)
380.0/542.0/22.0/(0, 0, 0)
380.0/542.0/22.0/(0, 0, 0)
380.0/542.0/22.0/(0, 0, 0)
380.0/542.0/22.0/(0, 0, 0)
380.0/542.0/22.0/(0, 0, 0)
380.0/542.0/22.0/(0, 0, 0)
381.0/541.0/22.0/(0, 0, 0)
382.0/540.0/22.0/(0, 0, 0)
382.0/540.0/22.0/(0, 0, 0)
382.0/540.0/22.0/(0, 0, 0)
382.0/540.0/22.0/(0, 0, 0)
382.0/540.0/22.0/(0, 0, 0)
383.0/540.0/22.0/(0, 0, 0)
383.0/540.0/22.0/(0, 0, 0)
383.0/540.0/22.0/(0, 0, 0)
383.0/540.0/22.0/(0, 0, 0)
384.0/539.0/22.0/(0, 0, 0)
384.0/539.0/22.0/(0, 0, 0)
384.0/539.0/22.0/(0, 0, 0)
385.0/538.0/22.0/(0, 0, 0)
385.0/538.0/22.0/(0, 0, 0)
385.0/538.0/22.0/(0, 0, 0)
385.0/538.0/22.0/(0, 0, 0)
385.0/538.0/22.0/(0, 0, 0)
385.0/538.0/22.0/(0, 0, 0)
385.0/538.0/22.0/(0, 0, 0)
385.0/538.0/22.0/(0, 0, 0)
385.0/538.0/22.0/(0, 0, 0)
385.0/538.0/22.0/(0, 0, 0)
385.0/538.0/22.0/(0, 0, 0)
385.0/538.0/22.0/(0, 0, 0)
385.0/538.0/22.0/(0, 0, 0)
385.0/538.0/22.0/(0, 0, 0)
385.0/538.0/22.0/(0, 0, 0)
385.0/538.0/22.0/(0, 0, 0)
385.0/538.0/22.0/(0, 0, 0)
385.0/538.0/22.0/(0, 0, 0)
386.0/538.0/22.0/(0, 0, 0)
386.0/538.0/22.0/(0, 0, 0)
386.0/538.0/22.0/(0, 0, 0)
386.0/538.0/22.0/(0, 0, 0)
386.0/538.0/22.0/(0, 0, 0)
387.0/538.0/22.0/(0, 0, 0)
387.0/538.0/22.0/(0, 0, 0)
387.0/538.0/22.0/(0, 0, 0)
387.0/538.0/22.0/(0, 0, 0)
387.0/538.0/22.0/(0, 0, 0)
387.0/538.0/22.0/(0, 0, 0)
387.0/538.0/22.0/(0, 0, 0)
387.0/538.0/22.0/(0, 0, 0)
387.0/538.0/22.0/(0, 0, 0)
387.0/538.0/22.0/(0, 0, 0)
387.0/538.0/22.0/(0, 0, 0)
387.0/538.0/22.0/(0, 0, 0)
387.0/538.0/22.0/(0, 0, 0)
387.0/538.0/22.0/(0, 0, 0)
387.0/538.0/22.0/(0, 0, 0)
387.0/538.0/22.0/(0, 0, 0)
387.0/538.0/22.0/(0, 0, 0)
387.0/538.0/22.0/(0, 0, 0)
387.0/538.0/22.0/(0, 0, 0)
387.0/538.0/22.0/(0, 0, 0)
387.0/538.0/22.0/(0, 0, 0)
387.0/538.0/22.0/(0, 0, 0)
387.0/538.0/22.0/(0, 0, 0)
388.0/538.0/22.0/(0, 0, 0)
388.0/538.0/22.0/(0, 0, 0)
388.0/537.0/22.0/(0, 0, 0)
388.0/535.0/22.0/(0, 0, 0)
388.0/535.0/22.0/(0, 0, 0)
388.0/532.0/22.0/(0, 0, 0)
388.0/531.0/22.0/(0, 0, 0)
388.0/529.0/22.0/(0, 0, 0)
388.0/527.0/22.0/(0, 0, 0)
388.0/526.0/22.0/(0, 0, 0)
387.0/523.0/22.0/(0, 0, 0)
387.0/523.0/22.0/(0, 0, 0)
387.0/520.0/22.0/(0, 0, 0)
386.0/518.0/22.0/(0, 0, 0)
386.0/518.0/22.0/(0, 0, 0)
385.0/515.0/22.0/(0, 0, 0)
385.0/514.0/22.0/(0, 0, 0)
385.0/514.0/22.0/(0, 0, 0)
385.0/512.0/22.0/(0, 0, 0)
385.0/512.0/22.0/(0, 0, 0)
384.0/509.0/22.0/(0, 0, 0)
383.0/507.0/22.0/(0, 0, 0)
383.0/507.0/22.0/(0, 0, 0)
382.0/505.0/22.0/(0, 0, 0)
382.0/504.0/22.0/(0, 0, 0)
382.0/504.0/22.0/(0, 0, 0)
381.0/503.0/22.0/(0, 0, 0)
381.0/501.0/22.0/(0, 0, 0)
380.0/498.0/22.0/(0, 0, 0)
380.0/498.0/22.0/(0, 0, 0)
380.0/497.0/22.0/(0, 0, 0)
380.0/495.0/22.0/(0, 0, 0)
380.0/495.0/22.0/(0, 0, 0)
380.0/494.0/22.0/(0, 0, 0)
379.0/492.0/22.0/(0, 0, 0)
379.0/492.0/22.0/(0, 0, 0)
379.0/492.0/22.0/(0, 0, 0)
379.0/492.0/22.0/(0, 0, 0)
378.0/490.0/22.0/(0, 0, 0)
378.0/489.0/22.0/(0, 0, 0)
378.0/489.0/22.0/(0, 0, 0)
378.0/488.0/22.0/(0, 0, 0)
378.0/488.0/22.0/(0, 0, 0)
378.0/487.0/22.0/(0, 0, 0)
377.0/485.0/22.0/(0, 0, 0)
377.0/485.0/22.0/(0, 0, 0)
376.0/485.0/22.0/(0, 0, 0)
376.0/484.0/22.0/(0, 0, 0)
376.0/484.0/22.0/(0, 0, 0)
376.0/483.0/22.0/(0, 0, 0)
376.0/483.0/22.0/(0, 0, 0)
376.0/482.0/22.0/(0, 0, 0)
374.0/479.0/22.0/(0, 0, 0)
374.0/479.0/22.0/(0, 0, 0)
374.0/479.0/22.0/(0, 0, 0)
374.0/479.0/22.0/(0, 0, 0)
374.0/477.0/22.0/(0, 0, 0)
374.0/476.0/22.0/(0, 0, 0)
374.0/476.0/22.0/(0, 0, 0)
374.0/476.0/22.0/(0, 0, 0)
374.0/475.0/22.0/(0, 0, 0)
374.0/475.0/22.0/(0, 0, 0)
373.0/474.0/22.0/(0, 0, 0)
372.0/472.0/22.0/(0, 0, 0)
372.0/472.0/22.0/(0, 0, 0)
372.0/470.0/22.0/(0, 0, 0)
372.0/470.0/22.0/(0, 0, 0)
372.0/470.0/22.0/(0, 0, 0)
372.0/468.0/22.0/(0, 0, 0)
372.0/467.0/22.0/(0, 0, 0)
372.0/467.0/22.0/(0, 0, 0)
372.0/467.0/22.0/(0, 0, 0)
372.0/466.0/22.0/(0, 0, 0)
372.0/466.0/22.0/(0, 0, 0)
372.0/465.0/22.0/(0, 0, 0)
372.0/465.0/22.0/(0, 0, 0)
372.0/464.0/22.0/(0, 0, 0)
371.0/462.0/22.0/(0, 0, 0)
371.0/462.0/22.0/(0, 0, 0)
371.0/462.0/22.0/(0, 0, 0)
370.0/460.0/22.0/(0, 0, 0)
370.0/460.0/22.0/(0, 0, 0)
370.0/460.0/22.0/(0, 0, 0)
370.0/458.0/22.0/(0, 0, 0)
370.0/458.0/22.0/(0, 0, 0)
370.0/458.0/22.0/(0, 0, 0)
370.0/458.0/22.0/(0, 0, 0)
370.0/457.0/22.0/(0, 0, 0)
370.0/456.0/22.0/(0, 0, 0)
370.0/456.0/22.0/(0, 0, 0)
370.0/456.0/22.0/(0, 0, 0)
369.0/454.0/22.0/(0, 0, 0)
369.0/454.0/22.0/(0, 0, 0)
369.0/454.0/22.0/(0, 0, 0)
369.0/454.0/22.0/(0, 0, 0)
369.0/454.0/22.0/(0, 0, 0)
369.0/454.0/22.0/(0, 0, 0)
369.0/453.0/22.0/(0, 0, 0)
369.0/453.0/22.0/(0, 0, 0)
369.0/453.0/22.0/(0, 0, 0)
369.0/453.0/22.0/(0, 0, 0)
369.0/453.0/22.0/(0, 0, 0)
369.0/453.0/22.0/(0, 0, 0)
369.0/453.0/22.0/(0, 0, 0)
369.0/453.0/22.0/(0, 0, 0)
369.0/453.0/22.0/(0, 0, 0)
369.0/453.0/22.0/(0, 0, 0)
369.0/453.0/22.0/(0, 0, 0)
369.0/453.0/22.0/(0, 0, 0)
369.0/453.0/22.0/(0, 0, 0)
369.0/453.0/22.0/(0, 0, 0)
369.0/453.0/22.0/(0, 0, 0)
369.0/453.0/22.0/(0, 0, 0)
369.0/453.0/22.0/(0, 0, 0)
369.0/453.0/22.0/(0, 0, 0)
369.0/453.0/22.0/(0, 0, 0)
369.0/453.0/22.0/(0, 0, 0)
369.0/453.0/22.0/(0, 0, 0)
369.0/453.0/22.0/(0, 0, 0)
369.0/453.0/22.0/(0, 0, 0)
369.0/453.0/22.0/(0, 0, 0)
369.0/453.0/22.0/(0, 0, 0)
369.0/453.0/22.0/(0, 0, 0)
369.0/453.0/22.0/(0, 0, 0)
369.0/453.0/22.0/(0, 0, 0)
368.0/453.0/22.0/(0, 0, 0)
368.0/453.0/22.0/(0, 0, 0)
368.0/453.0/22.0/(0, 0, 0)
368.0/453.0/22.0/(0, 0, 0)
368.0/453.0/22.0/(0, 0, 0)
368.0/452.0/22.0/(0, 0, 0)
368.0/452.0/22.0/(0, 0, 0)
368.0/451.0/22.0/(0, 0, 0)
367.0/451.0/22.0/(0, 0, 0)
367.0/451.0/22.0/(0, 0, 0)
367.0/450.0/22.0/(0, 0, 0)
367.0/450.0/22.0/(0, 0, 0)
367.0/450.0/22.0/(0, 0, 0)
367.0/449.0/22.0/(0, 0, 0)
367.0/448.0/22.0/(0, 0, 0)
367.0/448.0/22.0/(0, 0, 0)
367.0/448.0/22.0/(0, 0, 0)
367.0/448.0/22.0/(0, 0, 0)
367.0/447.0/22.0/(0, 0, 0)
366.0/446.0/22.0/(0, 0, 0)
366.0/446.0/22.0/(0, 0, 0)
366.0/446.0/22.0/(0, 0, 0)
366.0/446.0/22.0/(0, 0, 0)
366.0/446.0/22.0/(0, 0, 0)
366.0/446.0/22.0/(0, 0, 0)
366.0/446.0/22.0/(0, 0, 0)
366.0/446.0/22.0/(0, 0, 0)
366.0/446.0/22.0/(0, 0, 0)
366.0/446.0/22.0/(0, 0, 0)
366.0/445.0/22.0/(0, 0, 0)
366.0/445.0/22.0/(0, 0, 0)
366.0/445.0/22.0/(0, 0, 0)
366.0/445.0/22.0/(0, 0, 0)
365.0/444.0/22.0/(0, 0, 0)
365.0/444.0/22.0/(0, 0, 0)
365.0/444.0/22.0/(0, 0, 0)
365.0/444.0/22.0/(0, 0, 0)
365.0/444.0/22.0/(0, 0, 0)
365.0/444.0/22.0/(0, 0, 0)
365.0/444.0/22.0/(0, 0, 0)
365.0/444.0/22.0/(0, 0, 0)
365.0/444.0/22.0/(0, 0, 0)
365.0/444.0/22.0/(0, 0, 0)
365.0/444.0/22.0/(0, 0, 0)
365.0/444.0/22.0/(0, 0, 0)
365.0/444.0/22.0/(0, 0, 0)
365.0/444.0/22.0/(0, 0, 0)
365.0/444.0/22.0/(0, 0, 0)
365.0/444.0/22.0/(0, 0, 0)
365.0/444.0/22.0/(0, 0, 0)
365.0/444.0/22.0/(0, 0, 0)
365.0/444.0/22.0/(0, 0, 0)
365.0/444.0/22.0/(0, 0, 0)
365.0/444.0/22.0/(0, 0, 0)
365.0/444.0/22.0/(0, 0, 0)
365.0/444.0/22.0/(0, 0, 0)
365.0/444.0/22.0/(0, 0, 0)
365.0/444.0/22.0/(0, 0, 0)
365.0/443.0/22.0/(0, 0, 0)
374.0/446.0/22.0/(0, 0, 0)
374.0/446.0/22.0/(0, 0, 0)
374.0/446.0/22.0/(0, 0, 0)
374.0/446.0/22.0/(0, 0, 0)
374.0/446.0/22.0/(0, 0, 0)
374.0/446.0/22.0/(0, 0, 0)
374.0/446.0/22.0/(0, 0, 0)
374.0/446.0/22.0/(0, 0, 0)
375.0/447.0/22.0/(0, 0, 0)
375.0/447.0/22.0/(0, 0, 0)
375.0/447.0/22.0/(0, 0, 0)
375.0/447.0/22.0/(0, 0, 0)
375.0/447.0/22.0/(0, 0, 0)
375.0/447.0/22.0/(0, 0, 0)
376.0/448.0/22.0/(0, 0, 0)
376.0/448.0/22.0/(0, 0, 0)
377.0/448.0/22.0/(0, 0, 0)
378.0/448.0/22.0/(0, 0, 0)
378.0/448.0/22.0/(0, 0, 0)
380.0/449.0/22.0/(0, 0, 0)
382.0/450.0/22.0/(0, 0, 0)
382.0/450.0/22.0/(0, 0, 0)
383.0/450.0/22.0/(0, 0, 0)
385.0/450.0/22.0/(0, 0, 0)
385.0/450.0/22.0/(0, 0, 0)
387.0/450.0/22.0/(0, 0, 0)
389.0/452.0/22.0/(0, 0, 0)
389.0/452.0/22.0/(0, 0, 0)
390.0/452.0/22.0/(0, 0, 0)
392.0/453.0/22.0/(0, 0, 0)
392.0/453.0/22.0/(0, 0, 0)
394.0/453.0/22.0/(0, 0, 0)
396.0/453.0/22.0/(0, 0, 0)
396.0/453.0/22.0/(0, 0, 0)
398.0/454.0/22.0/(0, 0, 0)
399.0/455.0/22.0/(0, 0, 0)
399.0/455.0/22.0/(0, 0, 0)
404.0/456.0/22.0/(0, 0, 0)
407.0/457.0/22.0/(0, 0, 0)
407.0/457.0/22.0/(0, 0, 0)
412.0/458.0/22.0/(0, 0, 0)
422.0/459.0/22.0/(0, 0, 0)
422.0/459.0/22.0/(0, 0, 0)
430.0/460.0/22.0/(0, 0, 0)
437.0/461.0/22.0/(0, 0, 0)
437.0/461.0/22.0/(0, 0, 0)
442.0/462.0/22.0/(0, 0, 0)
447.0/463.0/22.0/(0, 0, 0)
447.0/463.0/22.0/(0, 0, 0)
451.0/464.0/22.0/(0, 0, 0)
454.0/465.0/22.0/(0, 0, 0)
454.0/465.0/22.0/(0, 0, 0)
457.0/466.0/22.0/(0, 0, 0)
460.0/468.0/22.0/(0, 0, 0)
460.0/468.0/22.0/(0, 0, 0)
463.0/469.0/22.0/(0, 0, 0)
463.0/469.0/22.0/(0, 0, 0)
463.0/469.0/22.0/(0, 0, 0)
463.0/469.0/22.0/(0, 0, 0)
463.0/469.0/22.0/(0, 0, 0)
463.0/469.0/22.0/(0, 0, 0)
463.0/469.0/22.0/(0, 0, 0)
463.0/469.0/22.0/(0, 0, 0)
463.0/469.0/22.0/(0, 0, 0)
463.0/469.0/22.0/(0, 0, 0)
463.0/469.0/22.0/(0, 0, 0)
463.0/469.0/22.0/(0, 0, 0)
463.0/469.0/22.0/(0, 0, 0)
463.0/469.0/22.0/(0, 0, 0)
463.0/469.0/22.0/(0, 0, 0)
463.0/469.0/22.0/(0, 0, 0)
463.0/469.0/22.0/(0, 0, 0)
463.0/469.0/22.0/(0, 0, 0)
463.0/469.0/22.0/(0, 0, 0)
463.0/469.0/22.0/(0, 0, 0)
463.0/469.0/22.0/(0, 0, 0)
463.0/469.0/22.0/(0, 0, 0)
463.0/469.0/22.0/(0, 0, 0)
463.0/469.0/22.0/(0, 0, 0)
463.0/469.0/22.0/(0, 0, 0)
463.0/469.0/22.0/(0, 0, 0)
463.0/469.0/22.0/(0, 0, 0)
463.0/469.0/22.0/(0, 0, 0)
463.0/469.0/22.0/(0, 0, 0)
463.0/469.0/22.0/(0, 0, 0)
463.0/469.0/22.0/(0, 0, 0)
463.0/469.0/22.0/(0, 0, 0)
463.0/469.0/22.0/(0, 0, 0)
463.0/469.0/22.0/(0, 0, 0)
463.0/469.0/22.0/(0, 0, 0)
191.0/423.0/22.0/(0, 0, 0)
191.0/423.0/22.0/(0, 0, 0)
191.0/423.0/22.0/(0, 0, 0)
191.0/423.0/22.0/(0, 0, 0)
191.0/423.0/22.0/(0, 0, 0)
191.0/423.0/22.0/(0, 0, 0)
191.0/423.0/22.0/(0, 0, 0)
191.0/423.0/22.0/(0, 0, 0)
191.0/423.0/22.0/(0, 0, 0)
191.0/423.0/22.0/(0, 0, 0)
191.0/423.0/22.0/(0, 0, 0)
191.0/423.0/22.0/(0, 0, 0)
191.0/423.0/22.0/(0, 0, 0)
191.0/423.0/22.0/(0, 0, 0)
191.0/423.0/22.0/(0, 0, 0)
191.0/423.0/22.0/(0, 0, 0)
191.0/423.0/22.0/(0, 0, 0)
191.0/423.0/22.0/(0, 0, 0)
187.0/424.0/22.0/(0, 0, 0)
187.0/424.0/22.0/(0, 0, 0)
186.0/425.0/22.0/(0, 0, 0)
182.0/427.0/22.0/(0, 0, 0)
182.0/427.0/22.0/(0, 0, 0)
178.0/429.0/22.0/(0, 0, 0)
174.0/432.0/22.0/(0, 0, 0)
174.0/432.0/22.0/(0, 0, 0)
171.0/435.0/22.0/(0, 0, 0)
167.0/437.0/22.0/(0, 0, 0)
167.0/437.0/22.0/(0, 0, 0)
165.0/439.0/22.0/(0, 0, 0)
162.0/440.0/22.0/(0, 0, 0)
162.0/440.0/22.0/(0, 0, 0)
160.0/442.0/22.0/(0, 0, 0)
160.0/442.0/22.0/(0, 0, 0)
159.0/443.0/22.0/(0, 0, 0)
159.0/443.0/22.0/(0, 0, 0)
158.0/444.0/22.0/(0, 0, 0)
157.0/444.0/22.0/(0, 0, 0)
155.0/446.0/22.0/(0, 0, 0)
154.0/448.0/22.0/(0, 0, 0)
152.0/451.0/22.0/(0, 0, 0)
145.0/457.0/22.0/(0, 0, 0)
142.0/459.0/22.0/(0, 0, 0)
140.0/461.0/22.0/(0, 0, 0)
139.0/462.0/22.0/(0, 0, 0)
137.0/463.0/22.0/(0, 0, 0)
137.0/463.0/22.0/(0, 0, 0)
137.0/463.0/22.0/(0, 0, 0)
137.0/463.0/22.0/(0, 0, 0)
137.0/463.0/22.0/(0, 0, 0)
137.0/463.0/22.0/(0, 0, 0)
137.0/463.0/22.0/(0, 0, 0)
137.0/463.0/22.0/(0, 0, 0)
137.0/463.0/22.0/(0, 0, 0)
137.0/463.0/22.0/(0, 0, 0)
137.0/463.0/22.0/(0, 0, 0)
137.0/463.0/22.0/(0, 0, 0)
137.0/463.0/22.0/(0, 0, 0)
137.0/463.0/22.0/(0, 0, 0)
137.0/463.0/22.0/(0, 0, 0)
137.0/463.0/22.0/(0, 0, 0)
137.0/463.0/22.0/(0, 0, 0)
137.0/463.0/22.0/(0, 0, 0)
137.0/463.0/22.0/(0, 0, 0)
137.0/463.0/22.0/(0, 0, 0)
137.0/463.0/22.0/(0, 0, 0)
137.0/463.0/22.0/(0, 0, 0)
137.0/463.0/22.0/(0, 0, 0)
137.0/463.0/22.0/(0, 0, 0)
137.0/463.0/22.0/(0, 0, 0)
137.0/463.0/22.0/(0, 0, 0)
137.0/463.0/22.0/(0, 0, 0)
188.0/544.0/22.0/(0, 0, 0)
188.0/544.0/22.0/(0, 0, 0)
188.0/544.0/22.0/(0, 0, 0)
188.0/545.0/22.0/(0, 0, 0)
188.0/546.0/22.0/(0, 0, 0)
188.0/546.0/22.0/(0, 0, 0)
188.0/546.0/22.0/(0, 0, 0)
188.0/547.0/22.0/(0, 0, 0)
188.0/547.0/22.0/(0, 0, 0)
188.0/547.0/22.0/(0, 0, 0)
188.0/548.0/22.0/(0, 0, 0)
188.0/548.0/22.0/(0, 0, 0)
188.0/548.0/22.0/(0, 0, 0)
188.0/550.0/22.0/(0, 0, 0)
188.0/552.0/22.0/(0, 0, 0)
188.0/555.0/22.0/(0, 0, 0)
188.0/557.0/22.0/(0, 0, 0)
188.0/559.0/22.0/(0, 0, 0)
188.0/560.0/22.0/(0, 0, 0)
188.0/560.0/22.0/(0, 0, 0)
188.0/563.0/22.0/(0, 0, 0)
188.0/564.0/22.0/(0, 0, 0)
188.0/565.0/22.0/(0, 0, 0)
188.0/565.0/22.0/(0, 0, 0)
188.0/569.0/22.0/(0, 0, 0)
188.0/571.0/22.0/(0, 0, 0)
188.0/571.0/22.0/(0, 0, 0)
188.0/573.0/22.0/(0, 0, 0)
188.0/576.0/22.0/(0, 0, 0)
188.0/576.0/22.0/(0, 0, 0)
187.0/578.0/22.0/(0, 0, 0)
187.0/580.0/22.0/(0, 0, 0)
187.0/580.0/22.0/(0, 0, 0)
186.0/582.0/22.0/(0, 0, 0)
186.0/582.0/22.0/(0, 0, 0)
186.0/582.0/22.0/(0, 0, 0)
186.0/584.0/22.0/(0, 0, 0)
186.0/586.0/22.0/(0, 0, 0)
186.0/586.0/22.0/(0, 0, 0)
186.0/586.0/22.0/(0, 0, 0)
186.0/588.0/22.0/(0, 0, 0)
186.0/589.0/22.0/(0, 0, 0)
186.0/589.0/22.0/(0, 0, 0)
186.0/590.0/22.0/(0, 0, 0)
186.0/591.0/22.0/(0, 0, 0)
186.0/591.0/22.0/(0, 0, 0)
186.0/591.0/22.0/(0, 0, 0)
186.0/592.0/22.0/(0, 0, 0)
186.0/592.0/22.0/(0, 0, 0)
186.0/592.0/22.0/(0, 0, 0)
186.0/592.0/22.0/(0, 0, 0)
186.0/592.0/22.0/(0, 0, 0)
186.0/592.0/22.0/(0, 0, 0)
186.0/592.0/22.0/(0, 0, 0)
186.0/592.0/22.0/(0, 0, 0)
186.0/592.0/22.0/(0, 0, 0)
186.0/592.0/22.0/(0, 0, 0)
186.0/592.0/22.0/(0, 0, 0)
186.0/592.0/22.0/(0, 0, 0)
186.0/592.0/22.0/(0, 0, 0)
186.0/592.0/22.0/(0, 0, 0)
186.0/592.0/22.0/(0, 0, 0)
186.0/592.0/22.0/(0, 0, 0)
186.0/592.0/22.0/(0, 0, 0)
186.0/592.0/22.0/(0, 0, 0)
186.0/592.0/22.0/(0, 0, 0)
186.0/592.0/22.0/(0, 0, 0)
186.0/592.0/22.0/(0, 0, 0)
186.0/592.0/22.0/(0, 0, 0)
186.0/592.0/22.0/(0, 0, 0)
186.0/592.0/22.0/(0, 0, 0)
186.0/592.0/22.0/(0, 0, 0)
186.0/592.0/22.0/(0, 0, 0)
186.0/592.0/22.0/(0, 0, 0)
186.0/592.0/22.0/(0, 0, 0)
186.0/592.0/22.0/(0, 0, 0)
186.0/592.0/22.0/(0, 0, 0)
186.0/592.0/22.0/(0, 0, 0)
186.0/592.0/22.0/(0, 0, 0)
186.0/592.0/22.0/(0, 0, 0)
186.0/592.0/22.0/(0, 0, 0)
186.0/592.0/22.0/(0, 0, 0)
392.0/548.0/22.0/(0, 0, 0)
392.0/548.0/22.0/(0, 0, 0)
392.0/548.0/22.0/(0, 0, 0)
392.0/548.0/22.0/(0, 0, 0)
392.0/548.0/22.0/(0, 0, 0)
392.0/548.0/22.0/(0, 0, 0)
392.0/548.0/22.0/(0, 0, 0)
392.0/548.0/22.0/(0, 0, 0)
392.0/548.0/22.0/(0, 0, 0)
392.0/549.0/22.0/(0, 0, 0)
392.0/551.0/22.0/(0, 0, 0)
392.0/551.0/22.0/(0, 0, 0)
393.0/555.0/22.0/(0, 0, 0)
393.0/558.0/22.0/(0, 0, 0)
394.0/560.0/22.0/(0, 0, 0)
396.0/562.0/22.0/(0, 0, 0)
396.0/564.0/22.0/(0, 0, 0)
396.0/564.0/22.0/(0, 0, 0)
396.0/567.0/22.0/(0, 0, 0)
398.0/569.0/22.0/(0, 0, 0)
398.0/569.0/22.0/(0, 0, 0)
399.0/572.0/22.0/(0, 0, 0)
399.0/574.0/22.0/(0, 0, 0)
399.0/576.0/22.0/(0, 0, 0)
400.0/579.0/22.0/(0, 0, 0)
401.0/582.0/22.0/(0, 0, 0)
402.0/587.0/22.0/(0, 0, 0)
402.0/588.0/22.0/(0, 0, 0)
403.0/590.0/22.0/(0, 0, 0)
403.0/590.0/22.0/(0, 0, 0)
404.0/591.0/22.0/(0, 0, 0)
404.0/591.0/22.0/(0, 0, 0)
404.0/591.0/22.0/(0, 0, 0)
404.0/591.0/22.0/(0, 0, 0)
404.0/591.0/22.0/(0, 0, 0)
404.0/591.0/22.0/(0, 0, 0)
404.0/592.0/22.0/(0, 0, 0)
404.0/592.0/22.0/(0, 0, 0)
404.0/592.0/22.0/(0, 0, 0)
404.0/592.0/22.0/(0, 0, 0)
404.0/592.0/22.0/(0, 0, 0)
404.0/592.0/22.0/(0, 0, 0)
404.0/592.0/22.0/(0, 0, 0)
404.0/592.0/22.0/(0, 0, 0)
404.0/592.0/22.0/(0, 0, 0)
404.0/592.0/22.0/(0, 0, 0)
404.0/592.0/22.0/(0, 0, 0)
404.0/592.0/22.0/(0, 0, 0)
404.0/592.0/22.0/(0, 0, 0)
404.0/592.0/22.0/(0, 0, 0)
404.0/592.0/22.0/(0, 0, 0)
404.0/592.0/22.0/(0, 0, 0)
404.0/592.0/22.0/(0, 0, 0)
404.0/592.0/22.0/(0, 0, 0)
